53134         1.30E+05
54133         1.12E+05
53133         1.12E+05
41095         1.06E+05
40095         1.06E+05
53135         1.05E+05
57140         1.02E+05
56140         1.02E+05
42099         1.01E+05
41097         9.86E+04
59143         9.65E+04
58143         9.62E+04
58141         9.61E+04
39091         9.21E+04
38089         7.50E+04
53132         7.33E+04
52132         7.27E+04
54135         7.21E+04
58144         6.91E+04
59145         6.36E+04
44103         5.53E+04
53131         4.94E+04
60147         3.68E+04
44105         2.23E+04
45105         2.17E+04
61149         1.89E+04
61147         1.16E+04
61151         7.37E+03
44106         6.78E+03
62153         4.49E+03
55137         3.86E+03
61148         3.84E+03
38090         3.72E+03
39090         3.72E+03
63156         1.03E+03
55134         7.50E+02
47111         6.47E+02
55136         6.12E+02
59142         4.49E+02
36085         4.48E+02
50125         2.25E+02
51125         2.13E+02
63157         2.03E+02
53130         1.42E+02
63155         6.26E+01
62151         4.33E+01
91233         3.46E+01
90233         3.38E+01
50123         2.95E+01
63154         2.32E+01
51126         1.82E+01
37086         1.04E+01
51124         2.04E+00
65160         6.90E-01
63152         6.70E-01
43099         5.37E-01
64153         1.46E-01
40093         7.66E-02
55135         3.56E-02
34079         2.55E-02
50126         1.19E-02
46107         8.36E-04
53129         6.89E-04
92233         2.31E-04
92234         1.53E-06
37087         9.93E-07
90232         7.34E-07
62147         6.61E-08
60144         2.53E-11
92235         9.19E-12
57138         5.99E-12
58142         2.21E-12
92236         1.32E-12
60145         1.21E-12
62149         5.88E-13
49115         4.63E-13
62148         3.52E-13
64152         3.00E-14
48113         2.78E-15
34082         4.36E-17
