   53134     1322400   0.10527
   53134      151980  0.106227
   53134     1505500   0.11484
   53134     1164000   0.13398
   53134     2467400   0.13398
   53134      278800   0.14355
   53134      922600   0.14355
   53134     1336000   0.14355
   53134     1428200   0.17226
   53134     1431350   0.17226
   53134     1925880   0.18183
   53134      864000    0.1914
   53134     1629240    0.1914
   53134     2020600    0.1914
   53134     1239000   0.21054
   53134     2159900   0.21054
   53134     1414300   0.22011
   53134      217000   0.22968
   53134     1655190   0.22968
   53134     2312400   0.23925
   53134      162480    0.2871
   53134      570750   0.30624
   53134     1159100   0.34452
   53134     1190030   0.35409
   53134      465500   0.36366
   53134      966900   0.39237
   53134     1644250   0.39237
   53134     1352620   0.41151
   53134      351080   0.42108
   53134      319810   0.45936
   53134     1541510   0.50721
   53134     1269490   0.56463
   53134      411000    0.5742
   53134      816380   0.62205
   53134      739180   0.68904
   53134     1100070   0.68904
   53134      139030   0.75603
   53134     1470000   0.75603
   53134      188470    0.7656
   53134     1103180   0.80388
   53134      706650   0.83259
   53134      565520   0.94743
   53134      458920   1.31109
   53134      488880   1.45464
   53134      730740   1.82787
   53134     1040250   2.02884
   53134      235471   2.13411
   53134      627960   2.22024
   53134      514400   2.23938
   53134     1455240    2.2968
   53134     1741490   2.56476
   53134      947860   4.00983
   53134      433350   4.15338
   53134      766680   4.15338
   53134      135399    4.3065
   53134     1613800    4.3065
   53134      974670     4.785
   53134     1806840    5.5506
   53134      857290     6.699
   53134      405451    7.3689
   53134      540825     7.656
   53134      677340    7.9431
   53134     1136160    9.0915
   53134      621790   10.6227
   53134      595362   11.1012
   53134     1072550   14.9292
   53134      884090    65.076
   53134      847025      95.7
   53134       44400  10.96632
   53134      272100  78.82885
   54133       79623      0.27
   54133       80997        38
   54133      233221   10.1626
   53133      345430    0.1044
   53133      361090    0.1131
   53133      267173   0.11745
   53133     1060070   0.13833
   53133     1350380   0.14964
   53133      417560   0.15399
   53133      820506   0.15486
   53133      909670   0.21402
   53133      422910   0.31146
   53133      262702   0.35931
   53133      768382   0.46023
   53133      617974   0.54375
   53133     1052296   0.55593
   53133      680247   0.64989
   53133      856278    1.2441
   53133      706578    1.5051
   53133     1236441    1.5051
   53133      510530     1.827
   53133     1298223     2.349
   53133      875329    4.5066
   53133      529872        87
   53133       74050  4.065041
   53133      647510       100
   53133      912690       100
   41095    204116.1     0.028
   41095      561880     0.015
   41095      765803    99.808
   41095    786192.2   0.01344
   41095    582077.5    0.0476
   41095    204116.1     2.296
   41095      235690   24.8272
   40095      724192     44.27
   40095      756725     54.38
   53135     1502790   1.07625
   53135      972620    1.2054
   53135     1566410    1.2915
   53135     1101580    1.6072
   53135      220502    1.7507
   53135      288451    3.0996
   53135      417633    3.5301
   53135     1124000    3.6162
   53135     1706459    4.1041
   53135      836804    6.6871
   53135      546557    7.1463
   53135     1791196    7.7203
   53135     1038760    7.9499
   53135     1457560    8.6674
   53135     1678027    9.5571
   53135     1131511   22.5869
   53135     1260409      28.7
   57140      919550   2.66166
   57140      432493   2.90016
   57140     2521400   3.46302
   57140      751637   4.33116
   57140      867846   5.50458
   57140      925189   6.89742
   57140      328762   20.3202
   57140      815772   23.2776
   57140      487021   45.5058
   57140     1596210      95.4
   56140       13846    1.2195
   56140      437575  1.929249
   56140      423722  3.151188
   56140      304849   4.29264
   56140      162660   6.21945
   56140       29966  14.09742
   56140      537261     24.39
   42099      380130 0.0105436
   42099      162370 0.0120148
   42099      411491  0.014712
   42099      621771   0.01839
   42099      158782 0.0191256
   42099      528788  0.057622
   42099      960754  0.095628
   42099      822972   0.13486
   42099    40583.23  1.064168
   42099      366421  1.203932
   42099      777921   4.30326
   42099      140511    4.5362
   42099      181068   6.14226
   42099      739500     12.26
   41097     1515660 0.1218052
   41097     1268620  0.147345
   41097     1024400  1.090353
   41097      657940     98.23
   41097      743360  97.94319
   59143      742100 0.0000012
   58143      432999  0.158788
   58143      587200  0.266644
   58143     1103250   0.41516
   58143      880460   1.03148
   58143      231550    2.0544
   58143      490368    2.1614
   58143      350619    3.2314
   58143      721929    5.3928
   58143      664571    5.6924
   58143       57356   11.7272
   58143      293266      42.8
