 724.192  44.270   0.131        113.734
 756.725  54.380   0.126         96.040
 561.880   0.015   0.162     270344.493
 204.116   0.028   0.381      61573.659
 765.803  99.800   0.125         52.852
 557.057   0.841   0.163       4786.673
 610.333   5.760   0.151        756.189
 497.085  91.000   0.181         40.014
 475.365   1.477   0.188       2369.378
1167.968   1.790   0.088       4155.025
1365.185   3.017   0.078       2800.475
 563.246   8.338   0.162        487.378
 801.953   8.688   0.120        630.699
 569.331  15.373   0.160        266.825
 795.864  85.460   0.121         63.716
 604.721  97.620   0.152         44.268
 661.657  85.134   0.141         54.814
