 724.192  44.270   3.038          4.889
 756.725  54.380   2.923          4.137
 561.880   0.015   3.823      11467.961
 204.116   0.028   9.739       2411.453
 765.803  99.800   2.893          2.278
 557.057   0.841   3.854        202.945
 610.333   5.760   3.542         32.229
 497.085  91.000   4.290          1.684
 475.365   1.477   4.477         99.440
1167.968   1.790   2.025        181.458
1365.185   3.017   1.778        122.625
 563.246   8.338   3.814         20.677
 801.953   8.688   2.780         27.231
 569.331  15.373   3.776         11.327
 795.864  85.460   2.798          2.750
 604.721  97.620   3.572          1.886
 661.657  85.134   3.292          2.346
