 724.192  44.270   0.836         17.767
 756.725  54.380   0.805         15.023
 561.880   0.015   1.047      41853.614
 204.116   0.028   2.613       8988.227
 765.803  99.800   0.797          8.270
 557.057   0.841   1.056        740.795
 610.333   5.760   0.972        117.445
 497.085  91.000   1.173          6.163
 475.365   1.477   1.223        364.161
1167.968   1.790   0.560        656.185
1365.185   3.017   0.492        443.139
 563.246   8.338   1.045         75.461
 801.953   8.688   0.766         98.819
 569.331  15.373   1.035         41.331
 795.864  85.460   0.771          9.981
 604.721  97.620   0.980          6.873
 661.657  85.134   0.905          8.538
