 724.192  44.270   3.038         48.892
 756.725  54.380   2.923         41.367
 561.880   0.015   3.823     114679.607
 204.116   0.028   9.739      24114.526
 765.803  99.800   2.893         22.776
 557.057   0.841   3.854       2029.454
 610.333   5.760   3.542        322.293
 497.085  91.000   4.290         16.844
 475.365   1.477   4.477        994.404
1167.968   1.790   2.025       1814.576
1365.185   3.017   1.778       1226.245
 563.246   8.338   3.814        206.775
 801.953   8.688   2.780        272.315
 569.331  15.373   3.776        113.275
 795.864  85.460   2.798         27.502
 604.721  97.620   3.572         18.858
 661.657  85.134   3.292         23.462
