 724.192  44.270   0.377        393.822
 756.725  54.380   0.363        333.368
 561.880   0.015   0.472     928052.129
 204.116   0.028   1.079     217717.336
 765.803  99.800   0.359        183.586
 557.057   0.841   0.476      16429.624
 610.333   5.760   0.439       2600.669
 497.085  91.000   0.527        137.208
 475.365   1.477   0.548       8124.924
1167.968   1.790   0.244      15034.095
1365.185   3.017   0.210      10377.414
 563.246   8.338   0.471       1673.165
 801.953   8.688   0.344       2197.313
 569.331  15.373   0.467        916.185
 795.864  85.460   0.347        221.870
 604.721  97.620   0.443        152.207
 661.657  85.134   0.409        189.024
