 724.192  44.270   0.836        177.672
 756.725  54.380   0.805        150.230
 561.880   0.015   1.047     418536.139
 204.116   0.028   2.613      89882.265
 765.803  99.800   0.797         82.701
 557.057   0.841   1.056       7407.947
 610.333   5.760   0.972       1174.453
 497.085  91.000   1.173         61.626
 475.365   1.477   1.223       3641.607
1167.968   1.790   0.560       6561.846
1365.185   3.017   0.492       4431.386
 563.246   8.338   1.045        754.612
 801.953   8.688   0.766        988.187
 569.331  15.373   1.035        413.306
 795.864  85.460   0.771         99.811
 604.721  97.620   0.980         68.730
 661.657  85.134   0.905         85.378
