 724.192  44.270   0.377         39.382
 756.725  54.380   0.363         33.337
 561.880   0.015   0.472      92805.213
 204.116   0.028   1.079      21771.734
 765.803  99.800   0.359         18.359
 557.057   0.841   0.476       1642.962
 610.333   5.760   0.439        260.067
 497.085  91.000   0.527         13.721
 475.365   1.477   0.548        812.492
1167.968   1.790   0.244       1503.409
1365.185   3.017   0.210       1037.741
 563.246   8.338   0.471        167.317
 801.953   8.688   0.344        219.731
 569.331  15.373   0.467         91.619
 795.864  85.460   0.347         22.187
 604.721  97.620   0.443         15.221
 661.657  85.134   0.409         18.902
