 724.192  44.270   0.131       1137.337
 756.725  54.380   0.126        960.403
 561.880   0.015   0.162    2703444.929
 204.116   0.028   0.381     615736.592
 765.803  99.800   0.125        528.516
 557.057   0.841   0.163      47866.734
 610.333   5.760   0.151       7561.889
 497.085  91.000   0.181        400.141
 475.365   1.477   0.188      23693.777
1167.968   1.790   0.088      41550.247
1365.185   3.017   0.078      28004.746
 563.246   8.338   0.162       4873.782
 801.953   8.688   0.120       6306.988
 569.331  15.373   0.160       2668.254
 795.864  85.460   0.121        637.163
 604.721  97.620   0.152        442.679
 661.657  85.134   0.141        548.141
