1.000E-03 1.112E+01 4.528E-03 3.969E+03 0.000E+00 0.000E+00 3.980E+03 3.969E+03
1.004E-03 1.111E+01 4.554E-03 3.936E+03 0.000E+00 0.000E+00 3.947E+03 3.936E+03
1.008E-03 1.111E+01 4.580E-03 3.904E+03 0.000E+00 0.000E+00 3.915E+03 3.904E+03
1.008E-03 1.111E+01 4.580E-03 3.951E+03 0.000E+00 0.000E+00 3.962E+03 3.951E+03
1.500E-03 1.065E+01 7.855E-03 1.750E+03 0.000E+00 0.000E+00 1.761E+03 1.750E+03
1.809E-03 1.033E+01 9.810E-03 1.166E+03 0.000E+00 0.000E+00 1.176E+03 1.166E+03
1.809E-03 1.033E+01 9.810E-03 1.363E+03 0.000E+00 0.000E+00 1.373E+03 1.363E+03
1.840E-03 1.029E+01 1.000E-02 1.953E+03 0.000E+00 0.000E+00 1.963E+03 1.953E+03
1.872E-03 1.026E+01 1.020E-02 2.825E+03 0.000E+00 0.000E+00 2.835E+03 2.825E+03
1.872E-03 1.026E+01 1.020E-02 3.070E+03 0.000E+00 0.000E+00 3.081E+03 3.070E+03
2.000E-03 1.012E+01 1.100E-02 3.811E+03 0.000E+00 0.000E+00 3.821E+03 3.811E+03
2.281E-03 9.818E+00 1.274E-02 2.745E+03 0.000E+00 0.000E+00 2.754E+03 2.745E+03
2.281E-03 9.818E+00 1.274E-02 3.174E+03 0.000E+00 0.000E+00 3.184E+03 3.174E+03
2.423E-03 9.675E+00 1.360E-02 2.738E+03 0.000E+00 0.000E+00 2.748E+03 2.738E+03
2.575E-03 9.523E+00 1.450E-02 2.363E+03 0.000E+00 0.000E+00 2.373E+03 2.363E+03
2.575E-03 9.523E+00 1.450E-02 2.509E+03 0.000E+00 0.000E+00 2.518E+03 2.509E+03
2.694E-03 9.399E+00 1.522E-02 2.256E+03 0.000E+00 0.000E+00 2.265E+03 2.256E+03
2.820E-03 9.267E+00 1.597E-02 2.028E+03 0.000E+00 0.000E+00 2.038E+03 2.028E+03
2.820E-03 9.267E+00 1.597E-02 2.114E+03 0.000E+00 0.000E+00 2.123E+03 2.114E+03
3.000E-03 9.078E+00 1.704E-02 1.831E+03 0.000E+00 0.000E+00 1.840E+03 1.831E+03
4.000E-03 8.109E+00 2.280E-02 9.157E+02 0.000E+00 0.000E+00 9.239E+02 9.158E+02
5.000E-03 7.242E+00 2.824E-02 5.267E+02 0.000E+00 0.000E+00 5.339E+02 5.267E+02
6.000E-03 6.476E+00 3.332E-02 3.323E+02 0.000E+00 0.000E+00 3.388E+02 3.324E+02
7.112E-03 5.743E+00 3.850E-02 2.150E+02 0.000E+00 0.000E+00 2.208E+02 2.150E+02
7.112E-03 5.743E+00 3.850E-02 2.203E+02 0.000E+00 0.000E+00 2.261E+02 2.203E+02
8.000E-03 5.233E+00 4.227E-02 1.630E+02 0.000E+00 0.000E+00 1.683E+02 1.631E+02
8.333E-03 5.058E+00 4.360E-02 1.466E+02 0.000E+00 0.000E+00 1.517E+02 1.467E+02
8.333E-03 5.058E+00 4.360E-02 1.566E+02 0.000E+00 0.000E+00 1.617E+02 1.567E+02
1.000E-02 4.293E+00 4.973E-02 9.759E+01 0.000E+00 0.000E+00 1.019E+02 9.764E+01
1.021E-02 4.211E+00 5.044E-02 9.250E+01 0.000E+00 0.000E+00 9.677E+01 9.255E+01
1.021E-02 4.211E+00 5.044E-02 2.268E+02 0.000E+00 0.000E+00 2.311E+02 2.269E+02
1.085E-02 3.963E+00 5.259E-02 1.925E+02 0.000E+00 0.000E+00 1.965E+02 1.926E+02
1.154E-02 3.722E+00 5.474E-02 1.634E+02 0.000E+00 0.000E+00 1.672E+02 1.635E+02
1.154E-02 3.722E+00 5.474E-02 2.226E+02 0.000E+00 0.000E+00 2.264E+02 2.227E+02
1.182E-02 3.633E+00 5.556E-02 2.103E+02 0.000E+00 0.000E+00 2.140E+02 2.103E+02
1.210E-02 3.545E+00 5.639E-02 1.986E+02 0.000E+00 0.000E+00 2.022E+02 1.986E+02
1.210E-02 3.545E+00 5.639E-02 2.286E+02 0.000E+00 0.000E+00 2.322E+02 2.287E+02
1.500E-02 2.783E+00 6.409E-02 1.324E+02 0.000E+00 0.000E+00 1.353E+02 1.325E+02
2.000E-02 1.963E+00 7.465E-02 6.191E+01 0.000E+00 0.000E+00 6.395E+01 6.198E+01
3.000E-02 1.159E+00 8.860E-02 2.083E+01 0.000E+00 0.000E+00 2.208E+01 2.092E+01
4.000E-02 7.640E-01 9.631E-02 9.491E+00 0.000E+00 0.000E+00 1.035E+01 9.587E+00
5.000E-02 5.403E-01 1.005E-01 5.128E+00 0.000E+00 0.000E+00 5.769E+00 5.228E+00
6.000E-02 4.046E-01 1.028E-01 3.091E+00 0.000E+00 0.000E+00 3.598E+00 3.193E+00
6.953E-02 3.192E-01 1.039E-01 2.050E+00 0.000E+00 0.000E+00 2.473E+00 2.153E+00
6.953E-02 3.192E-01 1.039E-01 1.030E+01 0.000E+00 0.000E+00 1.072E+01 1.040E+01
8.000E-02 2.541E-01 1.042E-01 7.095E+00 0.000E+00 0.000E+00 7.453E+00 7.199E+00
1.000E-01 1.745E-01 1.035E-01 3.958E+00 0.000E+00 0.000E+00 4.236E+00 4.062E+00
1.500E-01 8.532E-02 9.861E-02 1.329E+00 0.000E+00 0.000E+00 1.513E+00 1.428E+00
2.000E-01 5.083E-02 9.291E-02 6.092E-01 0.000E+00 0.000E+00 7.530E-01 7.021E-01
3.000E-01 2.413E-02 8.299E-02 2.062E-01 0.000E+00 0.000E+00 3.133E-01 2.892E-01
4.000E-01 1.403E-02 7.533E-02 9.831E-02 0.000E+00 0.000E+00 1.877E-01 1.736E-01
5.000E-01 9.155E-03 6.932E-02 5.674E-02 0.000E+00 0.000E+00 1.352E-01 1.261E-01
6.000E-01 6.441E-03 6.445E-02 3.688E-02 0.000E+00 0.000E+00 1.078E-01 1.013E-01
8.000E-01 3.682E-03 5.693E-02 1.944E-02 0.000E+00 0.000E+00 8.005E-02 7.637E-02
1.000E+00 2.378E-03 5.133E-02 1.221E-02 0.000E+00 0.000E+00 6.592E-02 6.355E-02
1.022E+00 2.278E-03 5.077E-02 1.169E-02 0.000E+00 0.000E+00 6.474E-02 6.246E-02
1.250E+00 1.532E-03 4.598E-02 7.881E-03 3.104E-04 0.000E+00 5.570E-02 5.417E-02
1.500E+00 1.069E-03 4.184E-02 5.621E-03 1.454E-03 0.000E+00 4.999E-02 4.892E-02
2.000E+00 6.039E-04 3.576E-02 3.401E-03 4.523E-03 0.000E+00 4.429E-02 4.368E-02
2.044E+00 5.781E-04 3.533E-02 3.283E-03 4.800E-03 0.000E+00 4.399E-02 4.341E-02
3.000E+00 2.693E-04 2.816E-02 1.785E-03 1.034E-02 9.842E-06 4.057E-02 4.030E-02
4.000E+00 1.517E-04 2.350E-02 1.172E-03 1.519E-02 4.013E-05 4.006E-02 3.991E-02
5.000E+00 9.714E-05 2.030E-02 8.609E-04 1.927E-02 7.983E-05 4.060E-02 4.051E-02
6.000E+00 6.749E-05 1.794E-02 6.757E-04 2.277E-02 1.224E-04 4.158E-02 4.151E-02
7.000E+00 4.957E-05 1.613E-02 5.541E-04 2.587E-02 1.647E-04 4.276E-02 4.271E-02
8.000E+00 3.797E-05 1.468E-02 4.687E-04 2.865E-02 2.057E-04 4.404E-02 4.400E-02
9.000E+00 3.001E-05 1.350E-02 4.054E-04 3.118E-02 2.448E-04 4.535E-02 4.532E-02
1.000E+01 2.431E-05 1.251E-02 3.567E-04 3.349E-02 2.819E-04 4.666E-02 4.664E-02
1.100E+01 2.009E-05 1.166E-02 3.184E-04 3.563E-02 3.169E-04 4.795E-02 4.793E-02
1.200E+01 1.688E-05 1.094E-02 2.874E-04 3.764E-02 3.499E-04 4.924E-02 4.922E-02
1.300E+01 1.439E-05 1.031E-02 2.618E-04 3.950E-02 3.810E-04 5.046E-02 5.045E-02
1.400E+01 1.240E-05 9.752E-03 2.403E-04 4.125E-02 4.105E-04 5.167E-02 5.166E-02
1.500E+01 1.080E-05 9.256E-03 2.221E-04 4.285E-02 4.383E-04 5.278E-02 5.277E-02
1.600E+01 9.497E-06 8.817E-03 2.063E-04 4.438E-02 4.648E-04 5.388E-02 5.387E-02
1.800E+01 7.504E-06 8.057E-03 1.807E-04 4.710E-02 5.138E-04 5.586E-02 5.585E-02
2.000E+01 6.077E-06 7.429E-03 1.607E-04 4.953E-02 5.582E-04 5.768E-02 5.768E-02
2.200E+01 5.023E-06 6.903E-03 1.446E-04 5.173E-02 5.990E-04 5.939E-02 5.938E-02
2.400E+01 4.222E-06 6.450E-03 1.315E-04 5.375E-02 6.361E-04 6.097E-02 6.096E-02
2.600E+01 3.596E-06 6.057E-03 1.205E-04 5.557E-02 6.703E-04 6.242E-02 6.242E-02
2.800E+01 3.101E-06 5.713E-03 1.112E-04 5.726E-02 7.022E-04 6.379E-02 6.379E-02
3.000E+01 2.701E-06 5.410E-03 1.032E-04 5.880E-02 7.317E-04 6.504E-02 6.504E-02
4.000E+01 1.520E-06 4.299E-03 7.597E-05 6.512E-02 8.529E-04 7.035E-02 7.035E-02
5.000E+01 9.726E-07 3.589E-03 6.009E-05 6.982E-02 9.444E-04 7.441E-02 7.441E-02
6.000E+01 6.752E-07 3.092E-03 4.968E-05 7.347E-02 1.017E-03 7.762E-02 7.762E-02
8.000E+01 3.797E-07 2.438E-03 3.689E-05 7.884E-02 1.124E-03 8.244E-02 8.244E-02
1.000E+02 2.431E-07 2.024E-03 2.935E-05 8.261E-02 1.202E-03 8.587E-02 8.587E-02
1.500E+02 1.080E-07 1.441E-03 1.941E-05 8.860E-02 1.330E-03 9.139E-02 9.139E-02
2.000E+02 6.077E-08 1.130E-03 1.450E-05 9.215E-02 1.409E-03 9.470E-02 9.470E-02
3.000E+02 2.701E-08 8.010E-04 9.627E-06 9.625E-02 1.504E-03 9.857E-02 9.857E-02
4.000E+02 1.520E-08 6.272E-04 7.207E-06 9.862E-02 1.562E-03 1.008E-01 1.008E-01
5.000E+02 9.726E-09 5.191E-04 5.757E-06 1.002E-01 1.601E-03 1.023E-01 1.023E-01
6.000E+02 6.752E-09 4.445E-04 4.793E-06 1.012E-01 1.629E-03 1.033E-01 1.033E-01
8.000E+02 3.797E-09 3.473E-04 3.593E-06 1.027E-01 1.668E-03 1.047E-01 1.047E-01
1.000E+03 2.431E-09 2.857E-04 2.872E-06 1.037E-01 1.694E-03 1.057E-01 1.057E-01
1.500E+03 1.080E-09 1.995E-04 1.913E-06 1.050E-01 1.732E-03 1.070E-01 1.070E-01
2.000E+03 6.077E-10 1.544E-04 1.434E-06 1.058E-01 1.754E-03 1.077E-01 1.077E-01
3.000E+03 2.701E-10 1.074E-04 9.559E-07 1.066E-01 1.778E-03 1.085E-01 1.085E-01
4.000E+03 1.520E-10 8.288E-05 7.167E-07 1.070E-01 1.792E-03 1.089E-01 1.089E-01
5.000E+03 9.726E-11 6.774E-05 5.732E-07 1.073E-01 1.801E-03 1.092E-01 1.092E-01
6.000E+03 6.752E-11 5.746E-05 4.778E-07 1.075E-01 1.807E-03 1.093E-01 1.093E-01
8.000E+03 3.797E-11 4.428E-05 3.583E-07 1.077E-01 1.815E-03 1.096E-01 1.096E-01
1.000E+04 2.431E-11 3.615E-05 2.866E-07 1.079E-01 1.820E-03 1.097E-01 1.097E-01
1.500E+04 1.080E-11 2.498E-05 1.910E-07 1.081E-01 1.826E-03 1.100E-01 1.100E-01
2.000E+04 6.077E-12 1.920E-05 1.433E-07 1.082E-01 1.831E-03 1.101E-01 1.101E-01
3.000E+04 2.701E-12 1.324E-05 9.552E-08 1.083E-01 1.834E-03 1.102E-01 1.102E-01
4.000E+04 1.520E-12 1.017E-05 7.164E-08 1.084E-01 1.837E-03 1.102E-01 1.102E-01
5.000E+04 9.726E-13 8.281E-06 5.732E-08 1.085E-01 1.838E-03 1.103E-01 1.103E-01
6.000E+04 6.752E-13 6.999E-06 4.775E-08 1.085E-01 1.839E-03 1.103E-01 1.103E-01
8.000E+04 3.797E-13 5.367E-06 3.580E-08 1.085E-01 1.840E-03 1.104E-01 1.104E-01
1.000E+05 2.431E-13 4.365E-06 2.865E-08 1.085E-01 1.841E-03 1.104E-01 1.104E-01
