1.000E-03 1.111E+01 4.538E-03 3.962E+03 0.000E+00 0.000E+00 3.973E+03 3.962E+03
1.004E-03 1.111E+01 4.564E-03 3.929E+03 0.000E+00 0.000E+00 3.940E+03 3.929E+03
1.008E-03 1.110E+01 4.590E-03 3.896E+03 0.000E+00 0.000E+00 3.908E+03 3.896E+03
1.008E-03 1.110E+01 4.590E-03 3.930E+03 0.000E+00 0.000E+00 3.941E+03 3.930E+03
1.500E-03 1.064E+01 7.869E-03 1.742E+03 0.000E+00 0.000E+00 1.752E+03 1.742E+03
1.809E-03 1.032E+01 9.825E-03 1.161E+03 0.000E+00 0.000E+00 1.171E+03 1.161E+03
1.809E-03 1.032E+01 9.825E-03 1.358E+03 0.000E+00 0.000E+00 1.368E+03 1.358E+03
1.840E-03 1.029E+01 1.002E-02 1.948E+03 0.000E+00 0.000E+00 1.958E+03 1.948E+03
1.872E-03 1.026E+01 1.022E-02 2.820E+03 0.000E+00 0.000E+00 2.830E+03 2.820E+03
1.872E-03 1.026E+01 1.022E-02 3.065E+03 0.000E+00 0.000E+00 3.076E+03 3.065E+03
2.000E-03 1.012E+01 1.102E-02 3.807E+03 0.000E+00 0.000E+00 3.817E+03 3.807E+03
2.281E-03 9.813E+00 1.276E-02 2.742E+03 0.000E+00 0.000E+00 2.751E+03 2.742E+03
2.281E-03 9.813E+00 1.276E-02 3.171E+03 0.000E+00 0.000E+00 3.181E+03 3.171E+03
2.423E-03 9.670E+00 1.362E-02 2.736E+03 0.000E+00 0.000E+00 2.746E+03 2.736E+03
2.575E-03 9.518E+00 1.452E-02 2.361E+03 0.000E+00 0.000E+00 2.371E+03 2.361E+03
2.575E-03 9.518E+00 1.452E-02 2.507E+03 0.000E+00 0.000E+00 2.516E+03 2.507E+03
2.694E-03 9.394E+00 1.524E-02 2.254E+03 0.000E+00 0.000E+00 2.263E+03 2.254E+03
2.820E-03 9.262E+00 1.599E-02 2.026E+03 0.000E+00 0.000E+00 2.036E+03 2.026E+03
2.820E-03 9.262E+00 1.599E-02 2.112E+03 0.000E+00 0.000E+00 2.122E+03 2.112E+03
3.000E-03 9.073E+00 1.706E-02 1.829E+03 0.000E+00 0.000E+00 1.839E+03 1.830E+03
4.000E-03 8.104E+00 2.282E-02 9.150E+02 0.000E+00 0.000E+00 9.231E+02 9.150E+02
5.000E-03 7.238E+00 2.826E-02 5.263E+02 0.000E+00 0.000E+00 5.335E+02 5.263E+02
6.000E-03 6.473E+00 3.335E-02 3.321E+02 0.000E+00 0.000E+00 3.386E+02 3.321E+02
7.112E-03 5.740E+00 3.852E-02 2.148E+02 0.000E+00 0.000E+00 2.206E+02 2.149E+02
7.112E-03 5.740E+00 3.852E-02 2.237E+02 0.000E+00 0.000E+00 2.295E+02 2.237E+02
8.000E-03 5.231E+00 4.229E-02 1.656E+02 0.000E+00 0.000E+00 1.709E+02 1.656E+02
8.333E-03 5.055E+00 4.362E-02 1.490E+02 0.000E+00 0.000E+00 1.541E+02 1.490E+02
8.333E-03 5.055E+00 4.362E-02 1.561E+02 0.000E+00 0.000E+00 1.612E+02 1.561E+02
1.000E-02 4.291E+00 4.975E-02 9.721E+01 0.000E+00 0.000E+00 1.015E+02 9.726E+01
1.021E-02 4.209E+00 5.046E-02 9.214E+01 0.000E+00 0.000E+00 9.640E+01 9.219E+01
1.021E-02 4.209E+00 5.046E-02 2.264E+02 0.000E+00 0.000E+00 2.307E+02 2.265E+02
1.085E-02 3.962E+00 5.260E-02 1.922E+02 0.000E+00 0.000E+00 1.962E+02 1.923E+02
1.154E-02 3.721E+00 5.476E-02 1.631E+02 0.000E+00 0.000E+00 1.669E+02 1.632E+02
1.154E-02 3.721E+00 5.476E-02 2.224E+02 0.000E+00 0.000E+00 2.261E+02 2.224E+02
1.182E-02 3.632E+00 5.558E-02 2.100E+02 0.000E+00 0.000E+00 2.137E+02 2.101E+02
1.210E-02 3.543E+00 5.640E-02 1.983E+02 0.000E+00 0.000E+00 2.019E+02 1.984E+02
1.210E-02 3.543E+00 5.640E-02 2.284E+02 0.000E+00 0.000E+00 2.320E+02 2.284E+02
1.500E-02 2.782E+00 6.410E-02 1.323E+02 0.000E+00 0.000E+00 1.351E+02 1.324E+02
2.000E-02 1.962E+00 7.465E-02 6.184E+01 0.000E+00 0.000E+00 6.388E+01 6.192E+01
3.000E-02 1.159E+00 8.858E-02 2.081E+01 0.000E+00 0.000E+00 2.206E+01 2.090E+01
4.000E-02 7.637E-01 9.629E-02 9.481E+00 0.000E+00 0.000E+00 1.034E+01 9.577E+00
5.000E-02 5.401E-01 1.005E-01 5.123E+00 0.000E+00 0.000E+00 5.763E+00 5.223E+00
6.000E-02 4.045E-01 1.028E-01 3.088E+00 0.000E+00 0.000E+00 3.595E+00 3.190E+00
6.953E-02 3.191E-01 1.039E-01 2.048E+00 0.000E+00 0.000E+00 2.471E+00 2.152E+00
6.953E-02 3.191E-01 1.039E-01 1.030E+01 0.000E+00 0.000E+00 1.072E+01 1.040E+01
8.000E-02 2.540E-01 1.042E-01 7.093E+00 0.000E+00 0.000E+00 7.452E+00 7.198E+00
1.000E-01 1.744E-01 1.035E-01 3.958E+00 0.000E+00 0.000E+00 4.235E+00 4.061E+00
1.500E-01 8.529E-02 9.858E-02 1.329E+00 0.000E+00 0.000E+00 1.513E+00 1.427E+00
2.000E-01 5.081E-02 9.289E-02 6.091E-01 0.000E+00 0.000E+00 7.528E-01 7.020E-01
3.000E-01 2.412E-02 8.296E-02 2.062E-01 0.000E+00 0.000E+00 3.133E-01 2.891E-01
4.000E-01 1.402E-02 7.531E-02 9.830E-02 0.000E+00 0.000E+00 1.876E-01 1.736E-01
5.000E-01 9.152E-03 6.930E-02 5.674E-02 0.000E+00 0.000E+00 1.352E-01 1.260E-01
6.000E-01 6.439E-03 6.443E-02 3.688E-02 0.000E+00 0.000E+00 1.077E-01 1.013E-01
8.000E-01 3.681E-03 5.691E-02 1.944E-02 0.000E+00 0.000E+00 8.003E-02 7.635E-02
1.000E+00 2.377E-03 5.132E-02 1.221E-02 0.000E+00 0.000E+00 6.591E-02 6.353E-02
1.022E+00 2.278E-03 5.076E-02 1.169E-02 0.000E+00 0.000E+00 6.472E-02 6.245E-02
1.250E+00 1.532E-03 4.596E-02 7.880E-03 3.103E-04 0.000E+00 5.569E-02 5.415E-02
1.500E+00 1.068E-03 4.183E-02 5.620E-03 1.454E-03 0.000E+00 4.997E-02 4.890E-02
2.000E+00 6.037E-04 3.575E-02 3.401E-03 4.522E-03 0.000E+00 4.428E-02 4.367E-02
2.044E+00 5.780E-04 3.532E-02 3.282E-03 4.798E-03 0.000E+00 4.398E-02 4.340E-02
3.000E+00 2.692E-04 2.815E-02 1.785E-03 1.034E-02 9.840E-06 4.055E-02 4.028E-02
4.000E+00 1.516E-04 2.350E-02 1.172E-03 1.519E-02 4.011E-05 4.005E-02 3.989E-02
5.000E+00 9.711E-05 2.029E-02 8.608E-04 1.926E-02 7.981E-05 4.059E-02 4.049E-02
6.000E+00 6.747E-05 1.794E-02 6.756E-04 2.276E-02 1.223E-04 4.157E-02 4.150E-02
7.000E+00 4.956E-05 1.613E-02 5.540E-04 2.585E-02 1.647E-04 4.275E-02 4.270E-02
8.000E+00 3.796E-05 1.468E-02 4.686E-04 2.863E-02 2.056E-04 4.402E-02 4.398E-02
9.000E+00 3.000E-05 1.349E-02 4.053E-04 3.116E-02 2.447E-04 4.533E-02 4.530E-02
1.000E+01 2.430E-05 1.250E-02 3.567E-04 3.348E-02 2.818E-04 4.664E-02 4.662E-02
1.100E+01 2.008E-05 1.166E-02 3.183E-04 3.562E-02 3.169E-04 4.793E-02 4.791E-02
1.200E+01 1.688E-05 1.094E-02 2.874E-04 3.763E-02 3.498E-04 4.922E-02 4.920E-02
1.300E+01 1.438E-05 1.030E-02 2.618E-04 3.948E-02 3.809E-04 5.044E-02 5.042E-02
1.400E+01 1.240E-05 9.749E-03 2.403E-04 4.123E-02 4.104E-04 5.165E-02 5.163E-02
1.500E+01 1.080E-05 9.253E-03 2.220E-04 4.283E-02 4.382E-04 5.276E-02 5.274E-02
1.600E+01 9.494E-06 8.814E-03 2.063E-04 4.436E-02 4.647E-04 5.386E-02 5.385E-02
1.800E+01 7.501E-06 8.054E-03 1.807E-04 4.708E-02 5.137E-04 5.583E-02 5.583E-02
2.000E+01 6.075E-06 7.427E-03 1.607E-04 4.951E-02 5.581E-04 5.766E-02 5.765E-02
2.200E+01 5.022E-06 6.901E-03 1.446E-04 5.171E-02 5.988E-04 5.936E-02 5.935E-02
2.400E+01 4.221E-06 6.449E-03 1.315E-04 5.372E-02 6.360E-04 6.094E-02 6.094E-02
2.600E+01 3.595E-06 6.055E-03 1.205E-04 5.554E-02 6.701E-04 6.239E-02 6.239E-02
2.800E+01 3.100E-06 5.712E-03 1.112E-04 5.723E-02 7.020E-04 6.376E-02 6.376E-02
3.000E+01 2.700E-06 5.408E-03 1.032E-04 5.877E-02 7.315E-04 6.501E-02 6.501E-02
4.000E+01 1.519E-06 4.298E-03 7.596E-05 6.509E-02 8.527E-04 7.032E-02 7.032E-02
5.000E+01 9.723E-07 3.588E-03 6.009E-05 6.979E-02 9.441E-04 7.438E-02 7.438E-02
6.000E+01 6.750E-07 3.091E-03 4.967E-05 7.343E-02 1.016E-03 7.759E-02 7.759E-02
8.000E+01 3.796E-07 2.438E-03 3.689E-05 7.880E-02 1.124E-03 8.240E-02 8.240E-02
1.000E+02 2.431E-07 2.023E-03 2.934E-05 8.257E-02 1.202E-03 8.583E-02 8.583E-02
1.500E+02 1.080E-07 1.441E-03 1.941E-05 8.856E-02 1.329E-03 9.135E-02 9.135E-02
2.000E+02 6.075E-08 1.130E-03 1.450E-05 9.211E-02 1.408E-03 9.466E-02 9.466E-02
3.000E+02 2.700E-08 8.008E-04 9.626E-06 9.621E-02 1.504E-03 9.852E-02 9.852E-02
4.000E+02 1.519E-08 6.270E-04 7.206E-06 9.857E-02 1.561E-03 1.008E-01 1.008E-01
5.000E+02 9.723E-09 5.190E-04 5.756E-06 1.001E-01 1.600E-03 1.022E-01 1.022E-01
6.000E+02 6.750E-09 4.443E-04 4.793E-06 1.012E-01 1.629E-03 1.033E-01 1.033E-01
8.000E+02 3.796E-09 3.472E-04 3.592E-06 1.027E-01 1.668E-03 1.047E-01 1.047E-01
1.000E+03 2.431E-09 2.856E-04 2.872E-06 1.036E-01 1.694E-03 1.056E-01 1.056E-01
1.500E+03 1.080E-09 1.994E-04 1.913E-06 1.050E-01 1.732E-03 1.069E-01 1.069E-01
2.000E+03 6.075E-10 1.544E-04 1.434E-06 1.057E-01 1.754E-03 1.076E-01 1.076E-01
3.000E+03 2.700E-10 1.073E-04 9.558E-07 1.066E-01 1.778E-03 1.084E-01 1.084E-01
4.000E+03 1.519E-10 8.285E-05 7.166E-07 1.070E-01 1.792E-03 1.088E-01 1.088E-01
5.000E+03 9.723E-11 6.772E-05 5.731E-07 1.073E-01 1.800E-03 1.091E-01 1.091E-01
6.000E+03 6.750E-11 5.745E-05 4.777E-07 1.074E-01 1.806E-03 1.093E-01 1.093E-01
8.000E+03 3.796E-11 4.427E-05 3.583E-07 1.077E-01 1.814E-03 1.095E-01 1.095E-01
1.000E+04 2.431E-11 3.614E-05 2.865E-07 1.078E-01 1.819E-03 1.097E-01 1.097E-01
1.500E+04 1.080E-11 2.497E-05 1.910E-07 1.081E-01 1.826E-03 1.099E-01 1.099E-01
2.000E+04 6.075E-12 1.920E-05 1.433E-07 1.082E-01 1.830E-03 1.100E-01 1.100E-01
3.000E+04 2.700E-12 1.324E-05 9.551E-08 1.083E-01 1.834E-03 1.101E-01 1.101E-01
4.000E+04 1.519E-12 1.016E-05 7.163E-08 1.083E-01 1.836E-03 1.102E-01 1.102E-01
5.000E+04 9.723E-13 8.279E-06 5.731E-08 1.084E-01 1.838E-03 1.103E-01 1.103E-01
6.000E+04 6.750E-13 6.997E-06 4.774E-08 1.084E-01 1.839E-03 1.103E-01 1.103E-01
8.000E+04 3.796E-13 5.365E-06 3.580E-08 1.085E-01 1.840E-03 1.103E-01 1.103E-01
1.000E+05 2.431E-13 4.364E-06 2.865E-08 1.085E-01 1.841E-03 1.103E-01 1.103E-01
