92239           8.88E+03
93239           7.58E+03
93240           1.02E+03
57140           9.30E+02
46109           8.31E+02
46109           8.31E+02
94243           8.15E+02
47110           7.90E+02
95244           7.58E+02
53134           7.30E+02
43100           7.27E+02
42099           7.17E+02
44105           6.80E+02
43101           6.72E+02
42101           6.72E+02
53133           6.59E+02
43103           6.35E+02
53135           6.34E+02
94239           1.02E-03
92235           6.95E-13
92238           1.20E-06
55137           1.07E+01
44113           5.95E+00
30077           2.20E-01
35089           4.31E+01
35088           7.19E+01
55140           4.94E+02
63156           9.52E+01
47110           1.94E+00
41097           5.88E+02
53132           4.93E+02
58143           4.90E+02
52131           4.99E+01
56137           1.04E+01