                0.0S     20.0D     30.0D     50.0D     80.0D    110.0D    140.0D    170.0D    200.0D    380.0D                      
  H  3      0.000E+00 2.196E-11 2.193E-11 2.186E-11 2.176E-11 2.166E-11 2.156E-11 2.146E-11 2.136E-11 2.078E-11
 LI  6      0.000E+00 0.000E+00 0.000E+00 0.000E+00 0.000E+00 0.000E+00 0.000E+00 0.000E+00 0.000E+00 0.000E+00
 LI  7      0.000E+00 0.000E+00 0.000E+00 0.000E+00 0.000E+00 0.000E+00 0.000E+00 0.000E+00 0.000E+00 0.000E+00
 BE  9      0.000E+00 0.000E+00 0.000E+00 0.000E+00 0.000E+00 0.000E+00 0.000E+00 0.000E+00 0.000E+00 0.000E+00
 BE 10      0.000E+00 1.387E-19 1.387E-19 1.387E-19 1.387E-19 1.387E-19 1.387E-19 1.387E-19 1.387E-19 1.387E-19
  C 14      0.000E+00 5.596E-18 5.596E-18 5.596E-18 5.596E-18 5.596E-18 5.596E-18 5.595E-18 5.595E-18 5.595E-18
 NI 66      0.000E+00 0.000E+00 0.000E+00 0.000E+00 0.000E+00 0.000E+00 0.000E+00 0.000E+00 0.000E+00 0.000E+00
 CU 66      0.000E+00 1.206E-17 0.000E+00 0.000E+00 0.000E+00 0.000E+00 0.000E+00 0.000E+00 0.000E+00 0.000E+00
 ZN 66      0.000E+00 0.000E+00 0.000E+00 0.000E+00 0.000E+00 0.000E+00 0.000E+00 0.000E+00 0.000E+00 0.000E+00
 CU 67      0.000E+00 0.000E+00 0.000E+00 0.000E+00 0.000E+00 0.000E+00 0.000E+00 0.000E+00 0.000E+00 0.000E+00
 ZN 67      0.000E+00 0.000E+00 0.000E+00 0.000E+00 0.000E+00 0.000E+00 0.000E+00 0.000E+00 0.000E+00 0.000E+00
 ZN 68      0.000E+00 0.000E+00 0.000E+00 0.000E+00 0.000E+00 0.000E+00 0.000E+00 0.000E+00 0.000E+00 0.000E+00
 ZN 69      0.000E+00 0.000E+00 0.000E+00 0.000E+00 0.000E+00 0.000E+00 0.000E+00 0.000E+00 0.000E+00 0.000E+00
 ZN 69M     0.000E+00 0.000E+00 0.000E+00 0.000E+00 0.000E+00 0.000E+00 0.000E+00 0.000E+00 0.000E+00 0.000E+00
 GA 69      0.000E+00 0.000E+00 0.000E+00 0.000E+00 0.000E+00 0.000E+00 0.000E+00 0.000E+00 0.000E+00 0.000E+00
 ZN 70      0.000E+00 0.000E+00 0.000E+00 0.000E+00 0.000E+00 0.000E+00 0.000E+00 0.000E+00 0.000E+00 0.000E+00
 GA 70      0.000E+00 0.000E+00 0.000E+00 0.000E+00 0.000E+00 0.000E+00 0.000E+00 0.000E+00 0.000E+00 0.000E+00
 GE 70      0.000E+00 0.000E+00 0.000E+00 0.000E+00 0.000E+00 0.000E+00 0.000E+00 0.000E+00 0.000E+00 0.000E+00
 ZN 71      0.000E+00 0.000E+00 0.000E+00 0.000E+00 0.000E+00 0.000E+00 0.000E+00 0.000E+00 0.000E+00 0.000E+00
 ZN 71M     0.000E+00 0.000E+00 0.000E+00 0.000E+00 0.000E+00 0.000E+00 0.000E+00 0.000E+00 0.000E+00 0.000E+00
 GA 71      0.000E+00 0.000E+00 0.000E+00 0.000E+00 0.000E+00 0.000E+00 0.000E+00 0.000E+00 0.000E+00 0.000E+00
 GE 71      0.000E+00 0.000E+00 0.000E+00 0.000E+00 0.000E+00 0.000E+00 0.000E+00 0.000E+00 0.000E+00 0.000E+00
 GE 71M     0.000E+00 0.000E+00 0.000E+00 0.000E+00 0.000E+00 0.000E+00 0.000E+00 0.000E+00 0.000E+00 0.000E+00
 CO 72      0.000E+00 7.535E-13 0.000E+00 0.000E+00 0.000E+00 0.000E+00 0.000E+00 0.000E+00 0.000E+00 0.000E+00
 NI 72      0.000E+00 2.622E-11 0.000E+00 0.000E+00 0.000E+00 0.000E+00 0.000E+00 0.000E+00 0.000E+00 0.000E+00
 CU 72      0.000E+00 5.792E-11 0.000E+00 0.000E+00 0.000E+00 0.000E+00 0.000E+00 0.000E+00 0.000E+00 0.000E+00
 ZN 72      0.000E+00 6.452E-11 1.803E-12 1.408E-15 3.072E-20 6.704E-25 1.463E-29 3.192E-34 0.000E+00 0.000E+00
 GA 72      0.000E+00 6.456E-11 2.588E-12 2.021E-15 4.409E-20 9.622E-25 2.100E-29 4.583E-34 0.000E+00 0.000E+00
 GE 72      0.000E+00 0.000E+00 0.000E+00 0.000E+00 0.000E+00 0.000E+00 0.000E+00 0.000E+00 0.000E+00 0.000E+00
 CO 73      0.000E+00 4.469E-14 0.000E+00 0.000E+00 0.000E+00 0.000E+00 0.000E+00 0.000E+00 0.000E+00 0.000E+00
 NI 73      0.000E+00 1.283E-11 0.000E+00 0.000E+00 0.000E+00 0.000E+00 0.000E+00 0.000E+00 0.000E+00 0.000E+00
 CU 73      0.000E+00 1.194E-10 0.000E+00 0.000E+00 0.000E+00 0.000E+00 0.000E+00 0.000E+00 0.000E+00 0.000E+00
 ZN 73      0.000E+00 2.667E-10 0.000E+00 0.000E+00 0.000E+00 0.000E+00 0.000E+00 0.000E+00 0.000E+00 0.000E+00
 GA 73      0.000E+00 2.745E-10 4.325E-25 0.000E+00 0.000E+00 0.000E+00 0.000E+00 0.000E+00 0.000E+00 0.000E+00
 GE 73      0.000E+00 0.000E+00 0.000E+00 0.000E+00 0.000E+00 0.000E+00 0.000E+00 0.000E+00 0.000E+00 0.000E+00
 GE 73M     0.000E+00 2.745E-10 4.325E-25 0.000E+00 0.000E+00 0.000E+00 0.000E+00 0.000E+00 0.000E+00 0.000E+00
 CO 74      0.000E+00 1.107E-13 0.000E+00 0.000E+00 0.000E+00 0.000E+00 0.000E+00 0.000E+00 0.000E+00 0.000E+00
 NI 74      0.000E+00 3.571E-11 0.000E+00 0.000E+00 0.000E+00 0.000E+00 0.000E+00 0.000E+00 0.000E+00 0.000E+00
 CU 74      0.000E+00 3.657E-10 0.000E+00 0.000E+00 0.000E+00 0.000E+00 0.000E+00 0.000E+00 0.000E+00 0.000E+00
 ZN 74      0.000E+00 8.750E-10 0.000E+00 0.000E+00 0.000E+00 0.000E+00 0.000E+00 0.000E+00 0.000E+00 0.000E+00
 GA 74      0.000E+00 9.046E-10 0.000E+00 0.000E+00 0.000E+00 0.000E+00 0.000E+00 0.000E+00 0.000E+00 0.000E+00
 GE 74      0.000E+00 0.000E+00 0.000E+00 0.000E+00 0.000E+00 0.000E+00 0.000E+00 0.000E+00 0.000E+00 0.000E+00
 CO 75      0.000E+00 1.863E-14 0.000E+00 0.000E+00 0.000E+00 0.000E+00 0.000E+00 0.000E+00 0.000E+00 0.000E+00
 NI 75      0.000E+00 1.909E-11 0.000E+00 0.000E+00 0.000E+00 0.000E+00 0.000E+00 0.000E+00 0.000E+00 0.000E+00
 CU 75      0.000E+00 5.336E-10 0.000E+00 0.000E+00 0.000E+00 0.000E+00 0.000E+00 0.000E+00 0.000E+00 0.000E+00
 ZN 75      0.000E+00 2.581E-09 0.000E+00 0.000E+00 0.000E+00 0.000E+00 0.000E+00 0.000E+00 0.000E+00 0.000E+00
 GA 75      0.000E+00 2.914E-09 0.000E+00 0.000E+00 0.000E+00 0.000E+00 0.000E+00 0.000E+00 0.000E+00 0.000E+00
 GE 75      0.000E+00 2.921E-09 0.000E+00 0.000E+00 0.000E+00 0.000E+00 0.000E+00 0.000E+00 0.000E+00 0.000E+00
 GE 75M     0.000E+00 1.203E-10 0.000E+00 0.000E+00 0.000E+00 0.000E+00 0.000E+00 0.000E+00 0.000E+00 0.000E+00
 AS 75      0.000E+00 0.000E+00 0.000E+00 0.000E+00 0.000E+00 0.000E+00 0.000E+00 0.000E+00 0.000E+00 0.000E+00
 CU 76      0.000E+00 5.469E-10 0.000E+00 0.000E+00 0.000E+00 0.000E+00 0.000E+00 0.000E+00 0.000E+00 0.000E+00
 ZN 76      0.000E+00 6.523E-09 0.000E+00 0.000E+00 0.000E+00 0.000E+00 0.000E+00 0.000E+00 0.000E+00 0.000E+00
 GA 76      0.000E+00 9.147E-09 0.000E+00 0.000E+00 0.000E+00 0.000E+00 0.000E+00 0.000E+00 0.000E+00 0.000E+00
 GE 76      0.000E+00 0.000E+00 0.000E+00 0.000E+00 0.000E+00 0.000E+00 0.000E+00 0.000E+00 0.000E+00 0.000E+00
 AS 76      0.000E+00 1.429E-12 2.575E-15 8.333E-21 4.850E-29 3.338E-37 0.000E+00 0.000E+00 0.000E+00 0.000E+00
 SE 76      0.000E+00 0.000E+00 0.000E+00 0.000E+00 0.000E+00 0.000E+00 0.000E+00 0.000E+00 0.000E+00 0.000E+00
 NI 77      0.000E+00 8.419E-13 0.000E+00 0.000E+00 0.000E+00 0.000E+00 0.000E+00 0.000E+00 0.000E+00 0.000E+00
 CU 77      0.000E+00 2.230E-10 0.000E+00 0.000E+00 0.000E+00 0.000E+00 0.000E+00 0.000E+00 0.000E+00 0.000E+00
 ZN 77      0.000E+00 7.186E-09 0.000E+00 0.000E+00 0.000E+00 0.000E+00 0.000E+00 0.000E+00 0.000E+00 0.000E+00
 GA 77      0.000E+00 1.883E-08 0.000E+00 0.000E+00 0.000E+00 0.000E+00 0.000E+00 0.000E+00 0.000E+00 0.000E+00
 GE 77      0.000E+00 7.606E-09 3.076E-15 5.022E-28 0.000E+00 0.000E+00 0.000E+00 0.000E+00 0.000E+00 0.000E+00
 GE 77M     0.000E+00 1.759E-08 0.000E+00 0.000E+00 0.000E+00 0.000E+00 0.000E+00 0.000E+00 0.000E+00 0.000E+00
 AS 77      0.000E+00 2.154E-08 3.392E-10 6.410E-14 1.665E-19 4.327E-25 1.124E-30 2.944E-36 0.000E+00 0.000E+00
 SE 77      0.000E+00 0.000E+00 0.000E+00 0.000E+00 0.000E+00 0.000E+00 0.000E+00 0.000E+00 0.000E+00 0.000E+00
 SE 77M     0.000E+00 5.342E-11 8.412E-13 1.590E-16 4.131E-22 1.073E-27 2.711E-33 0.000E+00 0.000E+00 0.000E+00
 NI 78      0.000E+00 1.143E-13 0.000E+00 0.000E+00 0.000E+00 0.000E+00 0.000E+00 0.000E+00 0.000E+00 0.000E+00
 CU 78      0.000E+00 1.001E-10 0.000E+00 0.000E+00 0.000E+00 0.000E+00 0.000E+00 0.000E+00 0.000E+00 0.000E+00
 ZN 78      0.000E+00 9.636E-09 0.000E+00 0.000E+00 0.000E+00 0.000E+00 0.000E+00 0.000E+00 0.000E+00 0.000E+00
 GA 78      0.000E+00 4.211E-08 0.000E+00 0.000E+00 0.000E+00 0.000E+00 0.000E+00 0.000E+00 0.000E+00 0.000E+00
 GE 78      0.000E+00 4.273E-08 0.000E+00 0.000E+00 0.000E+00 0.000E+00 0.000E+00 0.000E+00 0.000E+00 0.000E+00
 AS 78      0.000E+00 4.327E-08 0.000E+00 0.000E+00 0.000E+00 0.000E+00 0.000E+00 0.000E+00 0.000E+00 0.000E+00
 SE 78      0.000E+00 0.000E+00 0.000E+00 0.000E+00 0.000E+00 0.000E+00 0.000E+00 0.000E+00 0.000E+00 0.000E+00
 CU 79      0.000E+00 1.195E-11 0.000E+00 0.000E+00 0.000E+00 0.000E+00 0.000E+00 0.000E+00 0.000E+00 0.000E+00
 ZN 79      0.000E+00 3.857E-09 0.000E+00 0.000E+00 0.000E+00 0.000E+00 0.000E+00 0.000E+00 0.000E+00 0.000E+00
 GA 79      0.000E+00 3.945E-08 0.000E+00 0.000E+00 0.000E+00 0.000E+00 0.000E+00 0.000E+00 0.000E+00 0.000E+00
 GE 79      0.000E+00 1.051E-07 0.000E+00 0.000E+00 0.000E+00 0.000E+00 0.000E+00 0.000E+00 0.000E+00 0.000E+00
 AS 79      0.000E+00 1.324E-07 0.000E+00 0.000E+00 0.000E+00 0.000E+00 0.000E+00 0.000E+00 0.000E+00 0.000E+00
 SE 79      0.000E+00 1.933E-14 1.938E-14 1.938E-14 1.938E-14 1.938E-14 1.938E-14 1.938E-14 1.938E-14 1.938E-14
 SE 79M     0.000E+00 1.324E-07 0.000E+00 0.000E+00 0.000E+00 0.000E+00 0.000E+00 0.000E+00 0.000E+00 0.000E+00
 BR 79      0.000E+00 0.000E+00 0.000E+00 0.000E+00 0.000E+00 0.000E+00 0.000E+00 0.000E+00 0.000E+00 0.000E+00
 BR 79M     0.000E+00 3.742E-15 0.000E+00 0.000E+00 0.000E+00 0.000E+00 0.000E+00 0.000E+00 0.000E+00 0.000E+00
 KR 79      0.000E+00 0.000E+00 0.000E+00 0.000E+00 0.000E+00 0.000E+00 0.000E+00 0.000E+00 0.000E+00 0.000E+00
 CU 80      0.000E+00 1.717E-12 0.000E+00 0.000E+00 0.000E+00 0.000E+00 0.000E+00 0.000E+00 0.000E+00 0.000E+00
 ZN 80      0.000E+00 1.870E-09 0.000E+00 0.000E+00 0.000E+00 0.000E+00 0.000E+00 0.000E+00 0.000E+00 0.000E+00
 GA 80      0.000E+00 5.514E-08 0.000E+00 0.000E+00 0.000E+00 0.000E+00 0.000E+00 0.000E+00 0.000E+00 0.000E+00
 GE 80      0.000E+00 2.792E-07 0.000E+00 0.000E+00 0.000E+00 0.000E+00 0.000E+00 0.000E+00 0.000E+00 0.000E+00
 AS 80      0.000E+00 3.174E-07 0.000E+00 0.000E+00 0.000E+00 0.000E+00 0.000E+00 0.000E+00 0.000E+00 0.000E+00
 SE 80      0.000E+00 0.000E+00 0.000E+00 0.000E+00 0.000E+00 0.000E+00 0.000E+00 0.000E+00 0.000E+00 0.000E+00
 BR 80      0.000E+00 1.894E-12 3.885E-29 0.000E+00 0.000E+00 0.000E+00 0.000E+00 0.000E+00 0.000E+00 0.000E+00
 BR 80M     0.000E+00 8.081E-13 3.630E-29 0.000E+00 0.000E+00 0.000E+00 0.000E+00 0.000E+00 0.000E+00 0.000E+00
 KR 80      0.000E+00 0.000E+00 0.000E+00 0.000E+00 0.000E+00 0.000E+00 0.000E+00 0.000E+00 0.000E+00 0.000E+00
 CU 81      0.000E+00 8.938E-14 0.000E+00 0.000E+00 0.000E+00 0.000E+00 0.000E+00 0.000E+00 0.000E+00 0.000E+00
 ZN 81      0.000E+00 3.275E-10 0.000E+00 0.000E+00 0.000E+00 0.000E+00 0.000E+00 0.000E+00 0.000E+00 0.000E+00
 GA 81      0.000E+00 2.943E-08 0.000E+00 0.000E+00 0.000E+00 0.000E+00 0.000E+00 0.000E+00 0.000E+00 0.000E+00
 GE 81      0.000E+00 3.672E-07 0.000E+00 0.000E+00 0.000E+00 0.000E+00 0.000E+00 0.000E+00 0.000E+00 0.000E+00
 AS 81      0.000E+00 5.208E-07 0.000E+00 0.000E+00 0.000E+00 0.000E+00 0.000E+00 0.000E+00 0.000E+00 0.000E+00
 SE 81      0.000E+00 5.458E-07 0.000E+00 0.000E+00 0.000E+00 0.000E+00 0.000E+00 0.000E+00 0.000E+00 0.000E+00
 SE 81M     0.000E+00 1.928E-08 0.000E+00 0.000E+00 0.000E+00 0.000E+00 0.000E+00 0.000E+00 0.000E+00 0.000E+00
 BR 81      0.000E+00 0.000E+00 0.000E+00 0.000E+00 0.000E+00 0.000E+00 0.000E+00 0.000E+00 0.000E+00 0.000E+00
 KR 81      0.000E+00 2.861E-22 2.861E-22 2.861E-22 2.861E-22 2.861E-22 2.861E-22 2.861E-22 2.861E-22 2.861E-22
 ZN 82      0.000E+00 3.274E-11 0.000E+00 0.000E+00 0.000E+00 0.000E+00 0.000E+00 0.000E+00 0.000E+00 0.000E+00
 GA 82      0.000E+00 9.750E-09 0.000E+00 0.000E+00 0.000E+00 0.000E+00 0.000E+00 0.000E+00 0.000E+00 0.000E+00
 GE 82      0.000E+00 3.475E-07 0.000E+00 0.000E+00 0.000E+00 0.000E+00 0.000E+00 0.000E+00 0.000E+00 0.000E+00
 AS 82      0.000E+00 5.626E-07 0.000E+00 0.000E+00 0.000E+00 0.000E+00 0.000E+00 0.000E+00 0.000E+00 0.000E+00
 AS 82M     0.000E+00 2.138E-07 0.000E+00 0.000E+00 0.000E+00 0.000E+00 0.000E+00 0.000E+00 0.000E+00 0.000E+00
 SE 82      0.000E+00 0.000E+00 0.000E+00 0.000E+00 0.000E+00 0.000E+00 0.000E+00 0.000E+00 0.000E+00 0.000E+00
 BR 82      0.000E+00 4.443E-10 4.001E-12 3.232E-16 2.347E-22 1.704E-28 1.237E-34 0.000E+00 0.000E+00 0.000E+00
 BR 82M     0.000E+00 3.000E-10 0.000E+00 0.000E+00 0.000E+00 0.000E+00 0.000E+00 0.000E+00 0.000E+00 0.000E+00
 KR 82      0.000E+00 0.000E+00 0.000E+00 0.000E+00 0.000E+00 0.000E+00 0.000E+00 0.000E+00 0.000E+00 0.000E+00
 ZN 83      0.000E+00 2.528E-12 0.000E+00 0.000E+00 0.000E+00 0.000E+00 0.000E+00 0.000E+00 0.000E+00 0.000E+00
 GA 83      0.000E+00 2.422E-09 0.000E+00 0.000E+00 0.000E+00 0.000E+00 0.000E+00 0.000E+00 0.000E+00 0.000E+00
 GE 83      0.000E+00 2.537E-07 0.000E+00 0.000E+00 0.000E+00 0.000E+00 0.000E+00 0.000E+00 0.000E+00 0.000E+00
 AS 83      0.000E+00 1.099E-06 0.000E+00 0.000E+00 0.000E+00 0.000E+00 0.000E+00 0.000E+00 0.000E+00 0.000E+00
 SE 83      0.000E+00 5.100E-07 0.000E+00 0.000E+00 0.000E+00 0.000E+00 0.000E+00 0.000E+00 0.000E+00 0.000E+00
 SE 83M     0.000E+00 8.638E-07 0.000E+00 0.000E+00 0.000E+00 0.000E+00 0.000E+00 0.000E+00 0.000E+00 0.000E+00
 BR 83      0.000E+00 1.384E-06 0.000E+00 0.000E+00 0.000E+00 0.000E+00 0.000E+00 0.000E+00 0.000E+00 0.000E+00
 KR 83      0.000E+00 0.000E+00 0.000E+00 0.000E+00 0.000E+00 0.000E+00 0.000E+00 0.000E+00 0.000E+00 0.000E+00
 KR 83M     0.000E+00 1.383E-06 0.000E+00 0.000E+00 0.000E+00 0.000E+00 0.000E+00 0.000E+00 0.000E+00 0.000E+00
 GA 84      0.000E+00 1.148E-10 0.000E+00 0.000E+00 0.000E+00 0.000E+00 0.000E+00 0.000E+00 0.000E+00 0.000E+00
 GE 84      0.000E+00 4.169E-08 0.000E+00 0.000E+00 0.000E+00 0.000E+00 0.000E+00 0.000E+00 0.000E+00 0.000E+00
 AS 84      0.000E+00 7.886E-07 0.000E+00 0.000E+00 0.000E+00 0.000E+00 0.000E+00 0.000E+00 0.000E+00 0.000E+00
 SE 84      0.000E+00 2.570E-06 0.000E+00 0.000E+00 0.000E+00 0.000E+00 0.000E+00 0.000E+00 0.000E+00 0.000E+00
 BR 84      0.000E+00 2.617E-06 0.000E+00 0.000E+00 0.000E+00 0.000E+00 0.000E+00 0.000E+00 0.000E+00 0.000E+00
 BR 84M     0.000E+00 5.015E-08 0.000E+00 0.000E+00 0.000E+00 0.000E+00 0.000E+00 0.000E+00 0.000E+00 0.000E+00
 KR 84      0.000E+00 0.000E+00 0.000E+00 0.000E+00 0.000E+00 0.000E+00 0.000E+00 0.000E+00 0.000E+00 0.000E+00
 GA 85      0.000E+00 0.000E+00 0.000E+00 0.000E+00 0.000E+00 0.000E+00 0.000E+00 0.000E+00 0.000E+00 0.000E+00
 GE 85      0.000E+00 1.619E-08 0.000E+00 0.000E+00 0.000E+00 0.000E+00 0.000E+00 0.000E+00 0.000E+00 0.000E+00
 AS 85      0.000E+00 5.307E-07 0.000E+00 0.000E+00 0.000E+00 0.000E+00 0.000E+00 0.000E+00 0.000E+00 0.000E+00
 SE 85      0.000E+00 1.631E-06 0.000E+00 0.000E+00 0.000E+00 0.000E+00 0.000E+00 0.000E+00 0.000E+00 0.000E+00
 SE 85M     0.000E+00 1.195E-06 0.000E+00 0.000E+00 0.000E+00 0.000E+00 0.000E+00 0.000E+00 0.000E+00 0.000E+00
 BR 85      0.000E+00 3.273E-06 0.000E+00 0.000E+00 0.000E+00 0.000E+00 0.000E+00 0.000E+00 0.000E+00 0.000E+00
 KR 85      0.000E+00 6.155E-10 6.481E-10 6.458E-10 6.423E-10 6.389E-10 6.356E-10 6.322E-10 6.288E-10 6.091E-10
 KR 85M     0.000E+00 3.313E-06 2.517E-22 0.000E+00 0.000E+00 0.000E+00 0.000E+00 0.000E+00 0.000E+00 0.000E+00
 RB 85      0.000E+00 0.000E+00 0.000E+00 0.000E+00 0.000E+00 0.000E+00 0.000E+00 0.000E+00 0.000E+00 0.000E+00
 GE 86      0.000E+00 2.962E-09 0.000E+00 0.000E+00 0.000E+00 0.000E+00 0.000E+00 0.000E+00 0.000E+00 0.000E+00
 AS 86      0.000E+00 2.992E-07 0.000E+00 0.000E+00 0.000E+00 0.000E+00 0.000E+00 0.000E+00 0.000E+00 0.000E+00
 SE 86      0.000E+00 3.436E-06 0.000E+00 0.000E+00 0.000E+00 0.000E+00 0.000E+00 0.000E+00 0.000E+00 0.000E+00
 BR 86      0.000E+00 2.487E-06 0.000E+00 0.000E+00 0.000E+00 0.000E+00 0.000E+00 0.000E+00 0.000E+00 0.000E+00
 BR 86M     0.000E+00 2.508E-06 0.000E+00 0.000E+00 0.000E+00 0.000E+00 0.000E+00 0.000E+00 0.000E+00 0.000E+00
 KR 86      0.000E+00 0.000E+00 0.000E+00 0.000E+00 0.000E+00 0.000E+00 0.000E+00 0.000E+00 0.000E+00 0.000E+00
 RB 86      0.000E+00 4.526E-11 3.122E-11 1.485E-11 4.871E-12 1.598E-12 5.243E-13 1.720E-13 5.643E-14 6.978E-17
 RB 86M     0.000E+00 1.587E-10 0.000E+00 0.000E+00 0.000E+00 0.000E+00 0.000E+00 0.000E+00 0.000E+00 0.000E+00
 SR 86      0.000E+00 0.000E+00 0.000E+00 0.000E+00 0.000E+00 0.000E+00 0.000E+00 0.000E+00 0.000E+00 0.000E+00
 GE 87      0.000E+00 5.145E-10 0.000E+00 0.000E+00 0.000E+00 0.000E+00 0.000E+00 0.000E+00 0.000E+00 0.000E+00
 AS 87      0.000E+00 1.829E-07 0.000E+00 0.000E+00 0.000E+00 0.000E+00 0.000E+00 0.000E+00 0.000E+00 0.000E+00
 SE 87      0.000E+00 2.566E-06 0.000E+00 0.000E+00 0.000E+00 0.000E+00 0.000E+00 0.000E+00 0.000E+00 0.000E+00
 BR 87      0.000E+00 5.658E-06 0.000E+00 0.000E+00 0.000E+00 0.000E+00 0.000E+00 0.000E+00 0.000E+00 0.000E+00
 KR 87      0.000E+00 6.731E-06 0.000E+00 0.000E+00 0.000E+00 0.000E+00 0.000E+00 0.000E+00 0.000E+00 0.000E+00
 RB 87      0.000E+00 1.356E-18 1.377E-18 1.377E-18 1.377E-18 1.377E-18 1.377E-18 1.377E-18 1.377E-18 1.377E-18
 SR 87      0.000E+00 0.000E+00 0.000E+00 0.000E+00 0.000E+00 0.000E+00 0.000E+00 0.000E+00 0.000E+00 0.000E+00
 GE 88      0.000E+00 4.885E-12 0.000E+00 0.000E+00 0.000E+00 0.000E+00 0.000E+00 0.000E+00 0.000E+00 0.000E+00
 AS 88      0.000E+00 6.371E-09 0.000E+00 0.000E+00 0.000E+00 0.000E+00 0.000E+00 0.000E+00 0.000E+00 0.000E+00
 SE 88      0.000E+00 8.846E-07 0.000E+00 0.000E+00 0.000E+00 0.000E+00 0.000E+00 0.000E+00 0.000E+00 0.000E+00
 BR 88      0.000E+00 6.556E-06 0.000E+00 0.000E+00 0.000E+00 0.000E+00 0.000E+00 0.000E+00 0.000E+00 0.000E+00
 KR 88      0.000E+00 9.474E-06 0.000E+00 0.000E+00 0.000E+00 0.000E+00 0.000E+00 0.000E+00 0.000E+00 0.000E+00
 RB 88      0.000E+00 9.558E-06 0.000E+00 0.000E+00 0.000E+00 0.000E+00 0.000E+00 0.000E+00 0.000E+00 0.000E+00
 SR 88      0.000E+00 0.000E+00 0.000E+00 0.000E+00 0.000E+00 0.000E+00 0.000E+00 0.000E+00 0.000E+00 0.000E+00
 AS 89      0.000E+00 5.041E-10 0.000E+00 0.000E+00 0.000E+00 0.000E+00 0.000E+00 0.000E+00 0.000E+00 0.000E+00
 SE 89      0.000E+00 2.299E-07 0.000E+00 0.000E+00 0.000E+00 0.000E+00 0.000E+00 0.000E+00 0.000E+00 0.000E+00
 BR 89      0.000E+00 5.051E-06 0.000E+00 0.000E+00 0.000E+00 0.000E+00 0.000E+00 0.000E+00 0.000E+00 0.000E+00
 KR 89      0.000E+00 1.213E-05 0.000E+00 0.000E+00 0.000E+00 0.000E+00 0.000E+00 0.000E+00 0.000E+00 0.000E+00
 RB 89      0.000E+00 1.256E-05 0.000E+00 0.000E+00 0.000E+00 0.000E+00 0.000E+00 0.000E+00 0.000E+00 0.000E+00
 SR 89      0.000E+00 8.167E-07 7.147E-07 5.431E-07 3.598E-07 2.383E-07 1.579E-07 1.046E-07 6.929E-08 5.857E-09
  Y 89      0.000E+00 0.000E+00 0.000E+00 0.000E+00 0.000E+00 0.000E+00 0.000E+00 0.000E+00 0.000E+00 0.000E+00
  Y 89M     0.000E+00 7.587E-13 0.000E+00 0.000E+00 0.000E+00 0.000E+00 0.000E+00 0.000E+00 0.000E+00 0.000E+00
 AS 90      0.000E+00 0.000E+00 0.000E+00 0.000E+00 0.000E+00 0.000E+00 0.000E+00 0.000E+00 0.000E+00 0.000E+00
 SE 90      0.000E+00 8.782E-08 0.000E+00 0.000E+00 0.000E+00 0.000E+00 0.000E+00 0.000E+00 0.000E+00 0.000E+00
 BR 90      0.000E+00 3.492E-06 0.000E+00 0.000E+00 0.000E+00 0.000E+00 0.000E+00 0.000E+00 0.000E+00 0.000E+00
 KR 90      0.000E+00 1.198E-05 0.000E+00 0.000E+00 0.000E+00 0.000E+00 0.000E+00 0.000E+00 0.000E+00 0.000E+00
 RB 90      0.000E+00 1.247E-05 0.000E+00 0.000E+00 0.000E+00 0.000E+00 0.000E+00 0.000E+00 0.000E+00 0.000E+00
 RB 90M     0.000E+00 2.587E-06 0.000E+00 0.000E+00 0.000E+00 0.000E+00 0.000E+00 0.000E+00 0.000E+00 0.000E+00
 SR 90      0.000E+00 4.894E-09 4.894E-09 4.888E-09 4.878E-09 4.869E-09 4.859E-09 4.850E-09 4.840E-09 4.784E-09
  Y 90      0.000E+00 3.027E-09 4.757E-09 4.888E-09 4.882E-09 4.872E-09 4.863E-09 4.853E-09 4.844E-09 4.785E-09
  Y 90M     0.000E+00 3.306E-11 0.000E+00 0.000E+00 0.000E+00 0.000E+00 0.000E+00 0.000E+00 0.000E+00 0.000E+00
 ZR 90      0.000E+00 0.000E+00 0.000E+00 0.000E+00 0.000E+00 0.000E+00 0.000E+00 0.000E+00 0.000E+00 0.000E+00
 ZR 90M     0.000E+00 2.702E-15 0.000E+00 0.000E+00 0.000E+00 0.000E+00 0.000E+00 0.000E+00 0.000E+00 0.000E+00
 SE 91      0.000E+00 8.964E-09 0.000E+00 0.000E+00 0.000E+00 0.000E+00 0.000E+00 0.000E+00 0.000E+00 0.000E+00
 BR 91      0.000E+00 1.105E-06 0.000E+00 0.000E+00 0.000E+00 0.000E+00 0.000E+00 0.000E+00 0.000E+00 0.000E+00
 KR 91      0.000E+00 9.095E-06 0.000E+00 0.000E+00 0.000E+00 0.000E+00 0.000E+00 0.000E+00 0.000E+00 0.000E+00
 RB 91      0.000E+00 1.492E-05 0.000E+00 0.000E+00 0.000E+00 0.000E+00 0.000E+00 0.000E+00 0.000E+00 0.000E+00
 SR 91      0.000E+00 1.534E-05 3.815E-13 2.353E-28 0.000E+00 0.000E+00 0.000E+00 0.000E+00 0.000E+00 0.000E+00
  Y 91      0.000E+00 8.414E-07 8.450E-07 6.668E-07 4.673E-07 3.275E-07 2.296E-07 1.609E-07 1.128E-07 1.337E-08
  Y 91M     0.000E+00 8.895E-06 2.424E-13 1.495E-28 0.000E+00 0.000E+00 0.000E+00 0.000E+00 0.000E+00 0.000E+00
 ZR 91      0.000E+00 0.000E+00 0.000E+00 0.000E+00 0.000E+00 0.000E+00 0.000E+00 0.000E+00 0.000E+00 0.000E+00
 NB 91      0.000E+00 0.000E+00 0.000E+00 0.000E+00 0.000E+00 0.000E+00 0.000E+00 0.000E+00 0.000E+00 0.000E+00
 SE 92      0.000E+00 1.164E-10 0.000E+00 0.000E+00 0.000E+00 0.000E+00 0.000E+00 0.000E+00 0.000E+00 0.000E+00
 BR 92      0.000E+00 4.715E-08 0.000E+00 0.000E+00 0.000E+00 0.000E+00 0.000E+00 0.000E+00 0.000E+00 0.000E+00
 KR 92      0.000E+00 4.010E-06 0.000E+00 0.000E+00 0.000E+00 0.000E+00 0.000E+00 0.000E+00 0.000E+00 0.000E+00
 RB 92      0.000E+00 1.258E-05 0.000E+00 0.000E+00 0.000E+00 0.000E+00 0.000E+00 0.000E+00 0.000E+00 0.000E+00
 SR 92      0.000E+00 1.566E-05 0.000E+00 0.000E+00 0.000E+00 0.000E+00 0.000E+00 0.000E+00 0.000E+00 0.000E+00
  Y 92      0.000E+00 1.568E-05 2.572E-25 0.000E+00 0.000E+00 0.000E+00 0.000E+00 0.000E+00 0.000E+00 0.000E+00
 ZR 92      0.000E+00 0.000E+00 0.000E+00 0.000E+00 0.000E+00 0.000E+00 0.000E+00 0.000E+00 0.000E+00 0.000E+00
 NB 92      0.000E+00 0.000E+00 0.000E+00 0.000E+00 0.000E+00 0.000E+00 0.000E+00 0.000E+00 0.000E+00 0.000E+00
 SE 93      0.000E+00 0.000E+00 0.000E+00 0.000E+00 0.000E+00 0.000E+00 0.000E+00 0.000E+00 0.000E+00 0.000E+00
 BR 93      0.000E+00 1.320E-08 0.000E+00 0.000E+00 0.000E+00 0.000E+00 0.000E+00 0.000E+00 0.000E+00 0.000E+00
 KR 93      0.000E+00 1.393E-06 0.000E+00 0.000E+00 0.000E+00 0.000E+00 0.000E+00 0.000E+00 0.000E+00 0.000E+00
 RB 93      0.000E+00 9.326E-06 0.000E+00 0.000E+00 0.000E+00 0.000E+00 0.000E+00 0.000E+00 0.000E+00 0.000E+00
 SR 93      0.000E+00 1.661E-05 0.000E+00 0.000E+00 0.000E+00 0.000E+00 0.000E+00 0.000E+00 0.000E+00 0.000E+00
  Y 93      0.000E+00 1.688E-05 1.201E-12 5.931E-27 0.000E+00 0.000E+00 0.000E+00 0.000E+00 0.000E+00 0.000E+00
 ZR 93      0.000E+00 1.015E-13 1.144E-13 1.144E-13 1.144E-13 1.144E-13 1.144E-13 1.144E-13 1.144E-13 1.144E-13
 NB 93M     0.000E+00 7.174E-17 2.231E-16 5.253E-16 9.770E-16 1.427E-15 1.875E-15 2.321E-15 2.765E-15 5.391E-15
 BR 94      0.000E+00 8.211E-10 0.000E+00 0.000E+00 0.000E+00 0.000E+00 0.000E+00 0.000E+00 0.000E+00 0.000E+00
 KR 94      0.000E+00 6.140E-07 0.000E+00 0.000E+00 0.000E+00 0.000E+00 0.000E+00 0.000E+00 0.000E+00 0.000E+00
 RB 94      0.000E+00 4.458E-06 0.000E+00 0.000E+00 0.000E+00 0.000E+00 0.000E+00 0.000E+00 0.000E+00 0.000E+00
 SR 94      0.000E+00 1.538E-05 0.000E+00 0.000E+00 0.000E+00 0.000E+00 0.000E+00 0.000E+00 0.000E+00 0.000E+00
  Y 94      0.000E+00 1.632E-05 0.000E+00 0.000E+00 0.000E+00 0.000E+00 0.000E+00 0.000E+00 0.000E+00 0.000E+00
 ZR 94      0.000E+00 0.000E+00 0.000E+00 0.000E+00 0.000E+00 0.000E+00 0.000E+00 0.000E+00 0.000E+00 0.000E+00
 NB 94      0.000E+00 1.102E-18 1.102E-18 1.102E-18 1.102E-18 1.102E-18 1.102E-18 1.102E-18 1.102E-18 1.102E-18
 NB 94M     0.000E+00 1.187E-12 0.000E+00 0.000E+00 0.000E+00 0.000E+00 0.000E+00 0.000E+00 0.000E+00 0.000E+00
 BR 95      0.000E+00 1.504E-11 0.000E+00 0.000E+00 0.000E+00 0.000E+00 0.000E+00 0.000E+00 0.000E+00 0.000E+00
 KR 95      0.000E+00 2.096E-08 0.000E+00 0.000E+00 0.000E+00 0.000E+00 0.000E+00 0.000E+00 0.000E+00 0.000E+00
 RB 95      0.000E+00 2.357E-06 0.000E+00 0.000E+00 0.000E+00 0.000E+00 0.000E+00 0.000E+00 0.000E+00 0.000E+00
 SR 95      0.000E+00 1.415E-05 0.000E+00 0.000E+00 0.000E+00 0.000E+00 0.000E+00 0.000E+00 0.000E+00 0.000E+00
  Y 95      0.000E+00 1.662E-05 0.000E+00 0.000E+00 0.000E+00 0.000E+00 0.000E+00 0.000E+00 0.000E+00 0.000E+00
 ZR 95      0.000E+00 8.666E-07 7.794E-07 6.276E-07 4.534E-07 3.276E-07 2.367E-07 1.710E-07 1.236E-07 1.758E-08
 NB 95      0.000E+00 6.427E-08 1.996E-07 3.614E-07 4.356E-07 4.113E-07 3.506E-07 2.829E-07 2.208E-07 3.748E-08
 NB 95M     0.000E+00 2.980E-09 5.274E-09 4.645E-09 3.364E-09 2.430E-09 1.756E-09 1.269E-09 9.167E-10 1.304E-10
 MO 95      0.000E+00 0.000E+00 0.000E+00 0.000E+00 0.000E+00 0.000E+00 0.000E+00 0.000E+00 0.000E+00 0.000E+00
 BR 96      0.000E+00 7.925E-13 0.000E+00 0.000E+00 0.000E+00 0.000E+00 0.000E+00 0.000E+00 0.000E+00 0.000E+00
 KR 96      0.000E+00 4.054E-09 0.000E+00 0.000E+00 0.000E+00 0.000E+00 0.000E+00 0.000E+00 0.000E+00 0.000E+00
 RB 96      0.000E+00 5.003E-07 0.000E+00 0.000E+00 0.000E+00 0.000E+00 0.000E+00 0.000E+00 0.000E+00 0.000E+00
 SR 96      0.000E+00 9.732E-06 0.000E+00 0.000E+00 0.000E+00 0.000E+00 0.000E+00 0.000E+00 0.000E+00 0.000E+00
  Y 96      0.000E+00 1.563E-05 0.000E+00 0.000E+00 0.000E+00 0.000E+00 0.000E+00 0.000E+00 0.000E+00 0.000E+00
 ZR 96      0.000E+00 0.000E+00 0.000E+00 0.000E+00 0.000E+00 0.000E+00 0.000E+00 0.000E+00 0.000E+00 0.000E+00
 NB 96      0.000E+00 1.951E-09 1.571E-12 1.018E-18 5.316E-28 1.881E-37 0.000E+00 0.000E+00 0.000E+00 0.000E+00
 MO 96      0.000E+00 0.000E+00 0.000E+00 0.000E+00 0.000E+00 0.000E+00 0.000E+00 0.000E+00 0.000E+00 0.000E+00
 KR 97      0.000E+00 6.756E-11 0.000E+00 0.000E+00 0.000E+00 0.000E+00 0.000E+00 0.000E+00 0.000E+00 0.000E+00
 RB 97      0.000E+00 8.945E-08 0.000E+00 0.000E+00 0.000E+00 0.000E+00 0.000E+00 0.000E+00 0.000E+00 0.000E+00
 SR 97      0.000E+00 4.959E-06 0.000E+00 0.000E+00 0.000E+00 0.000E+00 0.000E+00 0.000E+00 0.000E+00 0.000E+00
  Y 97      0.000E+00 1.312E-05 0.000E+00 0.000E+00 0.000E+00 0.000E+00 0.000E+00 0.000E+00 0.000E+00 0.000E+00
 ZR 97      0.000E+00 1.527E-05 8.108E-10 2.285E-18 3.420E-31 0.000E+00 0.000E+00 0.000E+00 0.000E+00 0.000E+00
 NB 97      0.000E+00 1.531E-05 8.737E-10 2.463E-18 3.685E-31 0.000E+00 0.000E+00 0.000E+00 0.000E+00 0.000E+00
 NB 97M     0.000E+00 1.446E-05 7.680E-10 2.165E-18 3.240E-31 0.000E+00 0.000E+00 0.000E+00 0.000E+00 0.000E+00
 MO 97      0.000E+00 0.000E+00 0.000E+00 0.000E+00 0.000E+00 0.000E+00 0.000E+00 0.000E+00 0.000E+00 0.000E+00
 KR 98      0.000E+00 1.055E-11 0.000E+00 0.000E+00 0.000E+00 0.000E+00 0.000E+00 0.000E+00 0.000E+00 0.000E+00
 RB 98      0.000E+00 1.331E-08 0.000E+00 0.000E+00 0.000E+00 0.000E+00 0.000E+00 0.000E+00 0.000E+00 0.000E+00
 SR 98      0.000E+00 1.798E-06 0.000E+00 0.000E+00 0.000E+00 0.000E+00 0.000E+00 0.000E+00 0.000E+00 0.000E+00
  Y 98      0.000E+00 9.324E-06 0.000E+00 0.000E+00 0.000E+00 0.000E+00 0.000E+00 0.000E+00 0.000E+00 0.000E+00
 ZR 98      0.000E+00 1.496E-05 0.000E+00 0.000E+00 0.000E+00 0.000E+00 0.000E+00 0.000E+00 0.000E+00 0.000E+00
 NB 98      0.000E+00 1.508E-05 0.000E+00 0.000E+00 0.000E+00 0.000E+00 0.000E+00 0.000E+00 0.000E+00 0.000E+00
 NB 98M     0.000E+00 7.171E-08 0.000E+00 0.000E+00 0.000E+00 0.000E+00 0.000E+00 0.000E+00 0.000E+00 0.000E+00
 MO 98      0.000E+00 0.000E+00 0.000E+00 0.000E+00 0.000E+00 0.000E+00 0.000E+00 0.000E+00 0.000E+00 0.000E+00
 TC 98      0.000E+00 0.000E+00 0.000E+00 0.000E+00 0.000E+00 0.000E+00 0.000E+00 0.000E+00 0.000E+00 0.000E+00
 RB 99      0.000E+00 1.063E-09 0.000E+00 0.000E+00 0.000E+00 0.000E+00 0.000E+00 0.000E+00 0.000E+00 0.000E+00
 SR 99      0.000E+00 3.982E-07 0.000E+00 0.000E+00 0.000E+00 0.000E+00 0.000E+00 0.000E+00 0.000E+00 0.000E+00
  Y 99      0.000E+00 5.231E-06 0.000E+00 0.000E+00 0.000E+00 0.000E+00 0.000E+00 0.000E+00 0.000E+00 0.000E+00
 ZR 99      0.000E+00 1.496E-05 0.000E+00 0.000E+00 0.000E+00 0.000E+00 0.000E+00 0.000E+00 0.000E+00 0.000E+00
 NB 99      0.000E+00 1.532E-05 0.000E+00 0.000E+00 0.000E+00 0.000E+00 0.000E+00 0.000E+00 0.000E+00 0.000E+00
 NB 99M     0.000E+00 3.975E-07 0.000E+00 0.000E+00 0.000E+00 0.000E+00 0.000E+00 0.000E+00 0.000E+00 0.000E+00
 MO 99      0.000E+00 9.349E-06 7.520E-07 4.862E-09 2.529E-12 1.315E-15 6.839E-19 3.556E-22 1.849E-25 0.000E+00
 TC 99M     0.000E+00 8.185E-06 7.244E-07 4.685E-09 2.436E-12 1.267E-15 6.588E-19 3.426E-22 1.782E-25 0.000E+00
 RU 99      0.000E+00 0.000E+00 0.000E+00 0.000E+00 0.000E+00 0.000E+00 0.000E+00 0.000E+00 0.000E+00 0.000E+00
 RB100      0.000E+00 4.209E-11 0.000E+00 0.000E+00 0.000E+00 0.000E+00 0.000E+00 0.000E+00 0.000E+00 0.000E+00
 SR100      0.000E+00 6.006E-08 0.000E+00 0.000E+00 0.000E+00 0.000E+00 0.000E+00 0.000E+00 0.000E+00 0.000E+00
  Y100      0.000E+00 2.261E-06 0.000E+00 0.000E+00 0.000E+00 0.000E+00 0.000E+00 0.000E+00 0.000E+00 0.000E+00
 ZR100      0.000E+00 1.385E-05 0.000E+00 0.000E+00 0.000E+00 0.000E+00 0.000E+00 0.000E+00 0.000E+00 0.000E+00
 NB100      0.000E+00 8.159E-06 0.000E+00 0.000E+00 0.000E+00 0.000E+00 0.000E+00 0.000E+00 0.000E+00 0.000E+00
 NB100M     0.000E+00 8.159E-06 0.000E+00 0.000E+00 0.000E+00 0.000E+00 0.000E+00 0.000E+00 0.000E+00 0.000E+00
 MO100      0.000E+00 0.000E+00 0.000E+00 0.000E+00 0.000E+00 0.000E+00 0.000E+00 0.000E+00 0.000E+00 0.000E+00
 TC100      0.000E+00 1.368E-08 0.000E+00 0.000E+00 0.000E+00 0.000E+00 0.000E+00 0.000E+00 0.000E+00 0.000E+00
 RU100      0.000E+00 0.000E+00 0.000E+00 0.000E+00 0.000E+00 0.000E+00 0.000E+00 0.000E+00 0.000E+00 0.000E+00
 RB101      0.000E+00 0.000E+00 0.000E+00 0.000E+00 0.000E+00 0.000E+00 0.000E+00 0.000E+00 0.000E+00 0.000E+00
 SR101      0.000E+00 7.509E-09 0.000E+00 0.000E+00 0.000E+00 0.000E+00 0.000E+00 0.000E+00 0.000E+00 0.000E+00
  Y101      0.000E+00 6.961E-07 0.000E+00 0.000E+00 0.000E+00 0.000E+00 0.000E+00 0.000E+00 0.000E+00 0.000E+00
 ZR101      0.000E+00 8.933E-06 0.000E+00 0.000E+00 0.000E+00 0.000E+00 0.000E+00 0.000E+00 0.000E+00 0.000E+00
 NB101      0.000E+00 1.283E-05 0.000E+00 0.000E+00 0.000E+00 0.000E+00 0.000E+00 0.000E+00 0.000E+00 0.000E+00
 MO101      0.000E+00 1.312E-05 0.000E+00 0.000E+00 0.000E+00 0.000E+00 0.000E+00 0.000E+00 0.000E+00 0.000E+00
 TC101      0.000E+00 1.312E-05 0.000E+00 0.000E+00 0.000E+00 0.000E+00 0.000E+00 0.000E+00 0.000E+00 0.000E+00
 RU101      0.000E+00 0.000E+00 0.000E+00 0.000E+00 0.000E+00 0.000E+00 0.000E+00 0.000E+00 0.000E+00 0.000E+00
 SR102      0.000E+00 5.119E-10 0.000E+00 0.000E+00 0.000E+00 0.000E+00 0.000E+00 0.000E+00 0.000E+00 0.000E+00
  Y102      0.000E+00 1.395E-07 0.000E+00 0.000E+00 0.000E+00 0.000E+00 0.000E+00 0.000E+00 0.000E+00 0.000E+00
 ZR102      0.000E+00 4.609E-06 0.000E+00 0.000E+00 0.000E+00 0.000E+00 0.000E+00 0.000E+00 0.000E+00 0.000E+00
 NB102      0.000E+00 9.857E-06 0.000E+00 0.000E+00 0.000E+00 0.000E+00 0.000E+00 0.000E+00 0.000E+00 0.000E+00
 MO102      0.000E+00 1.091E-05 0.000E+00 0.000E+00 0.000E+00 0.000E+00 0.000E+00 0.000E+00 0.000E+00 0.000E+00
 TC102      0.000E+00 1.092E-05 0.000E+00 0.000E+00 0.000E+00 0.000E+00 0.000E+00 0.000E+00 0.000E+00 0.000E+00
 TC102M     0.000E+00 3.248E-09 0.000E+00 0.000E+00 0.000E+00 0.000E+00 0.000E+00 0.000E+00 0.000E+00 0.000E+00
 RU102      0.000E+00 0.000E+00 0.000E+00 0.000E+00 0.000E+00 0.000E+00 0.000E+00 0.000E+00 0.000E+00 0.000E+00
 RH102      0.000E+00 0.000E+00 0.000E+00 0.000E+00 0.000E+00 0.000E+00 0.000E+00 0.000E+00 0.000E+00 0.000E+00
 PD102      0.000E+00 0.000E+00 0.000E+00 0.000E+00 0.000E+00 0.000E+00 0.000E+00 0.000E+00 0.000E+00 0.000E+00
 SR103      0.000E+00 1.281E-11 0.000E+00 0.000E+00 0.000E+00 0.000E+00 0.000E+00 0.000E+00 0.000E+00 0.000E+00
  Y103      0.000E+00 1.394E-08 0.000E+00 0.000E+00 0.000E+00 0.000E+00 0.000E+00 0.000E+00 0.000E+00 0.000E+00
 ZR103      0.000E+00 1.381E-06 0.000E+00 0.000E+00 0.000E+00 0.000E+00 0.000E+00 0.000E+00 0.000E+00 0.000E+00
 NB103      0.000E+00 5.746E-06 0.000E+00 0.000E+00 0.000E+00 0.000E+00 0.000E+00 0.000E+00 0.000E+00 0.000E+00
 MO103      0.000E+00 8.115E-06 0.000E+00 0.000E+00 0.000E+00 0.000E+00 0.000E+00 0.000E+00 0.000E+00 0.000E+00
 TC103      0.000E+00 8.161E-06 0.000E+00 0.000E+00 0.000E+00 0.000E+00 0.000E+00 0.000E+00 0.000E+00 0.000E+00
 RU103      0.000E+00 6.723E-07 5.638E-07 3.961E-07 2.333E-07 1.374E-07 8.094E-08 4.767E-08 2.808E-08 1.172E-09
 RH103      0.000E+00 0.000E+00 0.000E+00 0.000E+00 0.000E+00 0.000E+00 0.000E+00 0.000E+00 0.000E+00 0.000E+00
 RH103M     0.000E+00 6.055E-07 5.082E-07 3.571E-07 2.103E-07 1.239E-07 7.296E-08 4.297E-08 2.531E-08 1.057E-09
 SR104      0.000E+00 2.172E-13 0.000E+00 0.000E+00 0.000E+00 0.000E+00 0.000E+00 0.000E+00 0.000E+00 0.000E+00
  Y104      0.000E+00 6.628E-10 0.000E+00 0.000E+00 0.000E+00 0.000E+00 0.000E+00 0.000E+00 0.000E+00 0.000E+00
 ZR104      0.000E+00 2.075E-07 0.000E+00 0.000E+00 0.000E+00 0.000E+00 0.000E+00 0.000E+00 0.000E+00 0.000E+00
 NB104      0.000E+00 2.076E-06 0.000E+00 0.000E+00 0.000E+00 0.000E+00 0.000E+00 0.000E+00 0.000E+00 0.000E+00
 MO104      0.000E+00 4.599E-06 0.000E+00 0.000E+00 0.000E+00 0.000E+00 0.000E+00 0.000E+00 0.000E+00 0.000E+00
 TC104      0.000E+00 4.738E-06 0.000E+00 0.000E+00 0.000E+00 0.000E+00 0.000E+00 0.000E+00 0.000E+00 0.000E+00
 RU104      0.000E+00 0.000E+00 0.000E+00 0.000E+00 0.000E+00 0.000E+00 0.000E+00 0.000E+00 0.000E+00 0.000E+00
 RH104      0.000E+00 6.973E-09 0.000E+00 0.000E+00 0.000E+00 0.000E+00 0.000E+00 0.000E+00 0.000E+00 0.000E+00
 RH104M     0.000E+00 5.110E-10 0.000E+00 0.000E+00 0.000E+00 0.000E+00 0.000E+00 0.000E+00 0.000E+00 0.000E+00
 PD104      0.000E+00 0.000E+00 0.000E+00 0.000E+00 0.000E+00 0.000E+00 0.000E+00 0.000E+00 0.000E+00 0.000E+00
  Y105      0.000E+00 1.954E-11 0.000E+00 0.000E+00 0.000E+00 0.000E+00 0.000E+00 0.000E+00 0.000E+00 0.000E+00
 ZR105      0.000E+00 1.628E-08 0.000E+00 0.000E+00 0.000E+00 0.000E+00 0.000E+00 0.000E+00 0.000E+00 0.000E+00
 MO105      0.000E+00 2.370E-06 0.000E+00 0.000E+00 0.000E+00 0.000E+00 0.000E+00 0.000E+00 0.000E+00 0.000E+00
 TC105      0.000E+00 2.643E-06 0.000E+00 0.000E+00 0.000E+00 0.000E+00 0.000E+00 0.000E+00 0.000E+00 0.000E+00
 RU105      0.000E+00 2.650E-06 1.452E-22 0.000E+00 0.000E+00 0.000E+00 0.000E+00 0.000E+00 0.000E+00 0.000E+00
 RH105      0.000E+00 1.669E-06 1.867E-08 1.531E-12 1.137E-18 8.438E-25 6.264E-31 4.970E-37 0.000E+00 0.000E+00
 RH105M     0.000E+00 7.421E-07 4.076E-23 0.000E+00 0.000E+00 0.000E+00 0.000E+00 0.000E+00 0.000E+00 0.000E+00
 PD105      0.000E+00 0.000E+00 0.000E+00 0.000E+00 0.000E+00 0.000E+00 0.000E+00 0.000E+00 0.000E+00 0.000E+00
  Y106      0.000E+00 0.000E+00 0.000E+00 0.000E+00 0.000E+00 0.000E+00 0.000E+00 0.000E+00 0.000E+00 0.000E+00
 ZR106      0.000E+00 5.976E-09 0.000E+00 0.000E+00 0.000E+00 0.000E+00 0.000E+00 0.000E+00 0.000E+00 0.000E+00
 NB106      0.000E+00 1.762E-07 0.000E+00 0.000E+00 0.000E+00 0.000E+00 0.000E+00 0.000E+00 0.000E+00 0.000E+00
 MO106      0.000E+00 8.907E-07 0.000E+00 0.000E+00 0.000E+00 0.000E+00 0.000E+00 0.000E+00 0.000E+00 0.000E+00
 TC106      0.000E+00 1.012E-06 0.000E+00 0.000E+00 0.000E+00 0.000E+00 0.000E+00 0.000E+00 0.000E+00 0.000E+00
 RU106      0.000E+00 9.487E-09 9.312E-09 8.968E-09 8.475E-09 8.010E-09 7.570E-09 7.154E-09 6.761E-09 4.818E-09
 RH106      0.000E+00 7.023E-07 9.312E-09 8.968E-09 8.475E-09 8.010E-09 7.570E-09 7.154E-09 6.761E-09 4.818E-09
 RH106M     0.000E+00 2.882E-07 0.000E+00 0.000E+00 0.000E+00 0.000E+00 0.000E+00 0.000E+00 0.000E+00 0.000E+00
 PD106      0.000E+00 0.000E+00 0.000E+00 0.000E+00 0.000E+00 0.000E+00 0.000E+00 0.000E+00 0.000E+00 0.000E+00
 AG106      0.000E+00 0.000E+00 0.000E+00 0.000E+00 0.000E+00 0.000E+00 0.000E+00 0.000E+00 0.000E+00 0.000E+00
  Y107      0.000E+00 8.834E-14 0.000E+00 0.000E+00 0.000E+00 0.000E+00 0.000E+00 0.000E+00 0.000E+00 0.000E+00
 ZR107      0.000E+00 2.651E-10 0.000E+00 0.000E+00 0.000E+00 0.000E+00 0.000E+00 0.000E+00 0.000E+00 0.000E+00
 NB107      0.000E+00 2.375E-08 0.000E+00 0.000E+00 0.000E+00 0.000E+00 0.000E+00 0.000E+00 0.000E+00 0.000E+00
 MO107      0.000E+00 2.940E-07 0.000E+00 0.000E+00 0.000E+00 0.000E+00 0.000E+00 0.000E+00 0.000E+00 0.000E+00
 TC107      0.000E+00 4.153E-07 0.000E+00 0.000E+00 0.000E+00 0.000E+00 0.000E+00 0.000E+00 0.000E+00 0.000E+00
 RU107      0.000E+00 4.240E-07 0.000E+00 0.000E+00 0.000E+00 0.000E+00 0.000E+00 0.000E+00 0.000E+00 0.000E+00
 RH107      0.000E+00 4.240E-07 0.000E+00 0.000E+00 0.000E+00 0.000E+00 0.000E+00 0.000E+00 0.000E+00 0.000E+00
 PD107      0.000E+00 6.182E-16 6.215E-16 6.215E-16 6.215E-16 6.215E-16 6.215E-16 6.215E-16 6.215E-16 6.215E-16
 PD107M     0.000E+00 1.023E-12 0.000E+00 0.000E+00 0.000E+00 0.000E+00 0.000E+00 0.000E+00 0.000E+00 0.000E+00
 AG107      0.000E+00 0.000E+00 0.000E+00 0.000E+00 0.000E+00 0.000E+00 0.000E+00 0.000E+00 0.000E+00 0.000E+00
 ZR108      0.000E+00 3.768E-12 0.000E+00 0.000E+00 0.000E+00 0.000E+00 0.000E+00 0.000E+00 0.000E+00 0.000E+00
 NB108      0.000E+00 1.428E-09 0.000E+00 0.000E+00 0.000E+00 0.000E+00 0.000E+00 0.000E+00 0.000E+00 0.000E+00
 MO108      0.000E+00 6.327E-08 0.000E+00 0.000E+00 0.000E+00 0.000E+00 0.000E+00 0.000E+00 0.000E+00 0.000E+00
 TC108      0.000E+00 1.589E-07 0.000E+00 0.000E+00 0.000E+00 0.000E+00 0.000E+00 0.000E+00 0.000E+00 0.000E+00
 RU108      0.000E+00 1.843E-07 0.000E+00 0.000E+00 0.000E+00 0.000E+00 0.000E+00 0.000E+00 0.000E+00 0.000E+00
 RH108      0.000E+00 1.845E-07 0.000E+00 0.000E+00 0.000E+00 0.000E+00 0.000E+00 0.000E+00 0.000E+00 0.000E+00
 RH108M     0.000E+00 1.076E-10 0.000E+00 0.000E+00 0.000E+00 0.000E+00 0.000E+00 0.000E+00 0.000E+00 0.000E+00
 PD108      0.000E+00 0.000E+00 0.000E+00 0.000E+00 0.000E+00 0.000E+00 0.000E+00 0.000E+00 0.000E+00 0.000E+00
 AG108      0.000E+00 1.458E-18 0.000E+00 0.000E+00 0.000E+00 0.000E+00 0.000E+00 0.000E+00 0.000E+00 0.000E+00
 AG108M     0.000E+00 0.000E+00 0.000E+00 0.000E+00 0.000E+00 0.000E+00 0.000E+00 0.000E+00 0.000E+00 0.000E+00
 CD108      0.000E+00 0.000E+00 0.000E+00 0.000E+00 0.000E+00 0.000E+00 0.000E+00 0.000E+00 0.000E+00 0.000E+00
 ZR109      0.000E+00 2.222E-14 0.000E+00 0.000E+00 0.000E+00 0.000E+00 0.000E+00 0.000E+00 0.000E+00 0.000E+00
 NB109      0.000E+00 3.874E-11 0.000E+00 0.000E+00 0.000E+00 0.000E+00 0.000E+00 0.000E+00 0.000E+00 0.000E+00
 MO109      0.000E+00 5.963E-09 0.000E+00 0.000E+00 0.000E+00 0.000E+00 0.000E+00 0.000E+00 0.000E+00 0.000E+00
 TC109      0.000E+00 4.104E-08 0.000E+00 0.000E+00 0.000E+00 0.000E+00 0.000E+00 0.000E+00 0.000E+00 0.000E+00
 RU109      0.000E+00 7.638E-08 0.000E+00 0.000E+00 0.000E+00 0.000E+00 0.000E+00 0.000E+00 0.000E+00 0.000E+00
 RH109      0.000E+00 7.769E-08 0.000E+00 0.000E+00 0.000E+00 0.000E+00 0.000E+00 0.000E+00 0.000E+00 0.000E+00
 RH109M     0.000E+00 3.885E-08 0.000E+00 0.000E+00 0.000E+00 0.000E+00 0.000E+00 0.000E+00 0.000E+00 0.000E+00
 PD109      0.000E+00 7.789E-08 3.367E-13 6.209E-24 0.000E+00 0.000E+00 0.000E+00 0.000E+00 0.000E+00 0.000E+00
 PD109M     0.000E+00 3.885E-08 0.000E+00 0.000E+00 0.000E+00 0.000E+00 0.000E+00 0.000E+00 0.000E+00 0.000E+00
 AG109      0.000E+00 0.000E+00 0.000E+00 0.000E+00 0.000E+00 0.000E+00 0.000E+00 0.000E+00 0.000E+00 0.000E+00
 AG109M     0.000E+00 7.785E-08 3.368E-13 6.211E-24 0.000E+00 0.000E+00 0.000E+00 0.000E+00 0.000E+00 0.000E+00
 CD109      0.000E+00 0.000E+00 0.000E+00 0.000E+00 0.000E+00 0.000E+00 0.000E+00 0.000E+00 0.000E+00 0.000E+00
 NB110      0.000E+00 1.767E-12 0.000E+00 0.000E+00 0.000E+00 0.000E+00 0.000E+00 0.000E+00 0.000E+00 0.000E+00
 TC110      0.000E+00 1.643E-08 0.000E+00 0.000E+00 0.000E+00 0.000E+00 0.000E+00 0.000E+00 0.000E+00 0.000E+00
 RU110      0.000E+00 5.437E-08 0.000E+00 0.000E+00 0.000E+00 0.000E+00 0.000E+00 0.000E+00 0.000E+00 0.000E+00
 RH110      0.000E+00 5.618E-08 0.000E+00 0.000E+00 0.000E+00 0.000E+00 0.000E+00 0.000E+00 0.000E+00 0.000E+00
 RH110M     0.000E+00 1.814E-09 0.000E+00 0.000E+00 0.000E+00 0.000E+00 0.000E+00 0.000E+00 0.000E+00 0.000E+00
 PD110      0.000E+00 0.000E+00 0.000E+00 0.000E+00 0.000E+00 0.000E+00 0.000E+00 0.000E+00 0.000E+00 0.000E+00
 AG110      0.000E+00 5.709E-10 4.071E-15 3.852E-15 3.544E-15 3.261E-15 3.001E-15 2.761E-15 2.541E-15 1.542E-15
 AG110M     0.000E+00 3.147E-13 3.061E-13 2.896E-13 2.665E-13 2.452E-13 2.256E-13 2.076E-13 1.910E-13 1.159E-13
 CD110      0.000E+00 0.000E+00 0.000E+00 0.000E+00 0.000E+00 0.000E+00 0.000E+00 0.000E+00 0.000E+00 0.000E+00
 NB111      0.000E+00 2.858E-14 0.000E+00 0.000E+00 0.000E+00 0.000E+00 0.000E+00 0.000E+00 0.000E+00 0.000E+00
 MO111      0.000E+00 6.603E-11 0.000E+00 0.000E+00 0.000E+00 0.000E+00 0.000E+00 0.000E+00 0.000E+00 0.000E+00
 TC111      0.000E+00 4.613E-09 0.000E+00 0.000E+00 0.000E+00 0.000E+00 0.000E+00 0.000E+00 0.000E+00 0.000E+00
 RU111      0.000E+00 3.943E-08 0.000E+00 0.000E+00 0.000E+00 0.000E+00 0.000E+00 0.000E+00 0.000E+00 0.000E+00
 RH111      0.000E+00 5.071E-08 0.000E+00 0.000E+00 0.000E+00 0.000E+00 0.000E+00 0.000E+00 0.000E+00 0.000E+00
 PD111      0.000E+00 5.108E-08 2.451E-23 0.000E+00 0.000E+00 0.000E+00 0.000E+00 0.000E+00 0.000E+00 0.000E+00
 PD111M     0.000E+00 4.591E-10 3.364E-23 0.000E+00 0.000E+00 0.000E+00 0.000E+00 0.000E+00 0.000E+00 0.000E+00
 AG111      0.000E+00 1.710E-08 6.796E-09 1.057E-09 6.486E-11 3.979E-12 2.441E-13 1.498E-14 9.203E-16 4.908E-23
 AG111M     0.000E+00 5.082E-08 3.519E-23 0.000E+00 0.000E+00 0.000E+00 0.000E+00 0.000E+00 0.000E+00 0.000E+00
 CD111      0.000E+00 0.000E+00 0.000E+00 0.000E+00 0.000E+00 0.000E+00 0.000E+00 0.000E+00 0.000E+00 0.000E+00
 CD111M     0.000E+00 3.979E-15 0.000E+00 0.000E+00 0.000E+00 0.000E+00 0.000E+00 0.000E+00 0.000E+00 0.000E+00
 NB112      0.000E+00 0.000E+00 0.000E+00 0.000E+00 0.000E+00 0.000E+00 0.000E+00 0.000E+00 0.000E+00 0.000E+00
 MO112      0.000E+00 4.573E-12 0.000E+00 0.000E+00 0.000E+00 0.000E+00 0.000E+00 0.000E+00 0.000E+00 0.000E+00
 TC112      0.000E+00 7.789E-10 0.000E+00 0.000E+00 0.000E+00 0.000E+00 0.000E+00 0.000E+00 0.000E+00 0.000E+00
 RU112      0.000E+00 1.694E-08 0.000E+00 0.000E+00 0.000E+00 0.000E+00 0.000E+00 0.000E+00 0.000E+00 0.000E+00
 RH112      0.000E+00 3.121E-08 0.000E+00 0.000E+00 0.000E+00 0.000E+00 0.000E+00 0.000E+00 0.000E+00 0.000E+00
 PD112      0.000E+00 3.289E-08 8.369E-12 5.419E-19 8.928E-30 0.000E+00 0.000E+00 0.000E+00 0.000E+00 0.000E+00
 AG112      0.000E+00 3.290E-08 9.913E-12 6.419E-19 1.057E-29 0.000E+00 0.000E+00 0.000E+00 0.000E+00 0.000E+00
 CD112      0.000E+00 0.000E+00 0.000E+00 0.000E+00 0.000E+00 0.000E+00 0.000E+00 0.000E+00 0.000E+00 0.000E+00
 MO113      0.000E+00 4.339E-13 0.000E+00 0.000E+00 0.000E+00 0.000E+00 0.000E+00 0.000E+00 0.000E+00 0.000E+00
 TC113      0.000E+00 2.026E-10 0.000E+00 0.000E+00 0.000E+00 0.000E+00 0.000E+00 0.000E+00 0.000E+00 0.000E+00
 RU113      0.000E+00 9.193E-09 0.000E+00 0.000E+00 0.000E+00 0.000E+00 0.000E+00 0.000E+00 0.000E+00 0.000E+00
 RH113      0.000E+00 2.642E-08 0.000E+00 0.000E+00 0.000E+00 0.000E+00 0.000E+00 0.000E+00 0.000E+00 0.000E+00
 PD113      0.000E+00 3.203E-08 0.000E+00 0.000E+00 0.000E+00 0.000E+00 0.000E+00 0.000E+00 0.000E+00 0.000E+00
 AG113      0.000E+00 2.886E-08 6.773E-22 0.000E+00 0.000E+00 0.000E+00 0.000E+00 0.000E+00 0.000E+00 0.000E+00
 AG113M     0.000E+00 3.233E-09 0.000E+00 0.000E+00 0.000E+00 0.000E+00 0.000E+00 0.000E+00 0.000E+00 0.000E+00
 CD113      0.000E+00 0.000E+00 0.000E+00 0.000E+00 0.000E+00 0.000E+00 0.000E+00 0.000E+00 0.000E+00 0.000E+00
 CD113M     0.000E+00 4.595E-13 4.746E-13 4.734E-13 4.715E-13 4.697E-13 4.679E-13 4.660E-13 4.642E-13 4.535E-13
 IN113      0.000E+00 0.000E+00 0.000E+00 0.000E+00 0.000E+00 0.000E+00 0.000E+00 0.000E+00 0.000E+00 0.000E+00
 IN113M     0.000E+00 8.155E-29 0.000E+00 0.000E+00 0.000E+00 0.000E+00 0.000E+00 0.000E+00 0.000E+00 0.000E+00
 MO114      0.000E+00 1.704E-14 0.000E+00 0.000E+00 0.000E+00 0.000E+00 0.000E+00 0.000E+00 0.000E+00 0.000E+00
 TC114      0.000E+00 2.283E-11 0.000E+00 0.000E+00 0.000E+00 0.000E+00 0.000E+00 0.000E+00 0.000E+00 0.000E+00
 RU114      0.000E+00 3.271E-09 0.000E+00 0.000E+00 0.000E+00 0.000E+00 0.000E+00 0.000E+00 0.000E+00 0.000E+00
 RH114      0.000E+00 1.772E-08 0.000E+00 0.000E+00 0.000E+00 0.000E+00 0.000E+00 0.000E+00 0.000E+00 0.000E+00
 PD114      0.000E+00 2.894E-08 0.000E+00 0.000E+00 0.000E+00 0.000E+00 0.000E+00 0.000E+00 0.000E+00 0.000E+00
 AG114      0.000E+00 2.925E-08 0.000E+00 0.000E+00 0.000E+00 0.000E+00 0.000E+00 0.000E+00 0.000E+00 0.000E+00
 CD114      0.000E+00 0.000E+00 0.000E+00 0.000E+00 0.000E+00 0.000E+00 0.000E+00 0.000E+00 0.000E+00 0.000E+00
 IN114      0.000E+00 1.721E-16 1.092E-17 8.199E-18 5.479E-18 3.661E-18 2.446E-18 1.607E-18 9.324E-19 1.458E-19
 IN114M     0.000E+00 1.312E-17 1.128E-17 8.568E-18 5.725E-18 3.826E-18 2.556E-18 1.483E-18 8.600E-19 1.523E-19
 SN114      0.000E+00 0.000E+00 0.000E+00 0.000E+00 0.000E+00 0.000E+00 0.000E+00 0.000E+00 0.000E+00 0.000E+00
 MO115      0.000E+00 4.261E-16 0.000E+00 0.000E+00 0.000E+00 0.000E+00 0.000E+00 0.000E+00 0.000E+00 0.000E+00
 TC115      0.000E+00 1.889E-12 0.000E+00 0.000E+00 0.000E+00 0.000E+00 0.000E+00 0.000E+00 0.000E+00 0.000E+00
 RH115      0.000E+00 9.047E-09 0.000E+00 0.000E+00 0.000E+00 0.000E+00 0.000E+00 0.000E+00 0.000E+00 0.000E+00
 PD115      0.000E+00 2.490E-08 0.000E+00 0.000E+00 0.000E+00 0.000E+00 0.000E+00 0.000E+00 0.000E+00 0.000E+00
 AG115      0.000E+00 1.916E-08 0.000E+00 0.000E+00 0.000E+00 0.000E+00 0.000E+00 0.000E+00 0.000E+00 0.000E+00
 AG115M     0.000E+00 7.374E-09 0.000E+00 0.000E+00 0.000E+00 0.000E+00 0.000E+00 0.000E+00 0.000E+00 0.000E+00
 CD115      0.000E+00 1.579E-08 7.092E-10 1.408E-12 1.246E-16 1.102E-20 9.743E-25 8.617E-29 7.620E-33 0.000E+00
 CD115M     0.000E+00 1.747E-10 1.497E-10 1.097E-10 6.882E-11 4.317E-11 2.708E-11 1.699E-11 1.066E-11 6.496E-13
 IN115      0.000E+00 2.594E-25 4.585E-25 4.773E-25 4.874E-25 4.936E-25 4.976E-25 5.000E-25 5.016E-25 5.040E-25
 IN115M     0.000E+00 1.579E-08 7.712E-10 1.539E-12 4.972E-15 3.034E-15 1.903E-15 1.194E-15 7.491E-16 4.565E-17
 SN115      0.000E+00 0.000E+00 0.000E+00 0.000E+00 0.000E+00 0.000E+00 0.000E+00 0.000E+00 0.000E+00 0.000E+00
 TC116      0.000E+00 9.068E-14 0.000E+00 0.000E+00 0.000E+00 0.000E+00 0.000E+00 0.000E+00 0.000E+00 0.000E+00
 RU116      0.000E+00 1.183E-10 0.000E+00 0.000E+00 0.000E+00 0.000E+00 0.000E+00 0.000E+00 0.000E+00 0.000E+00
 RH116      0.000E+00 4.094E-09 0.000E+00 0.000E+00 0.000E+00 0.000E+00 0.000E+00 0.000E+00 0.000E+00 0.000E+00
 PD116      0.000E+00 2.358E-08 0.000E+00 0.000E+00 0.000E+00 0.000E+00 0.000E+00 0.000E+00 0.000E+00 0.000E+00
 AG116      0.000E+00 1.371E-08 0.000E+00 0.000E+00 0.000E+00 0.000E+00 0.000E+00 0.000E+00 0.000E+00 0.000E+00
 AG116M     0.000E+00 1.371E-08 0.000E+00 0.000E+00 0.000E+00 0.000E+00 0.000E+00 0.000E+00 0.000E+00 0.000E+00
 CD116      0.000E+00 0.000E+00 0.000E+00 0.000E+00 0.000E+00 0.000E+00 0.000E+00 0.000E+00 0.000E+00 0.000E+00
 IN116      0.000E+00 5.317E-11 0.000E+00 0.000E+00 0.000E+00 0.000E+00 0.000E+00 0.000E+00 0.000E+00 0.000E+00
 IN116M     0.000E+00 1.854E-10 0.000E+00 0.000E+00 0.000E+00 0.000E+00 0.000E+00 0.000E+00 0.000E+00 0.000E+00
 SN116      0.000E+00 0.000E+00 0.000E+00 0.000E+00 0.000E+00 0.000E+00 0.000E+00 0.000E+00 0.000E+00 0.000E+00
 TC117      0.000E+00 1.829E-14 0.000E+00 0.000E+00 0.000E+00 0.000E+00 0.000E+00 0.000E+00 0.000E+00 0.000E+00
 RU117      0.000E+00 7.849E-11 0.000E+00 0.000E+00 0.000E+00 0.000E+00 0.000E+00 0.000E+00 0.000E+00 0.000E+00
 RH117      0.000E+00 9.874E-09 0.000E+00 0.000E+00 0.000E+00 0.000E+00 0.000E+00 0.000E+00 0.000E+00 0.000E+00
 PD117      0.000E+00 2.676E-08 0.000E+00 0.000E+00 0.000E+00 0.000E+00 0.000E+00 0.000E+00 0.000E+00 0.000E+00
 AG117      0.000E+00 1.399E-08 0.000E+00 0.000E+00 0.000E+00 0.000E+00 0.000E+00 0.000E+00 0.000E+00 0.000E+00
 AG117M     0.000E+00 1.399E-08 0.000E+00 0.000E+00 0.000E+00 0.000E+00 0.000E+00 0.000E+00 0.000E+00 0.000E+00
 CD117      0.000E+00 1.820E-08 0.000E+00 0.000E+00 0.000E+00 0.000E+00 0.000E+00 0.000E+00 0.000E+00 0.000E+00
 CD117M     0.000E+00 9.800E-09 5.535E-30 0.000E+00 0.000E+00 0.000E+00 0.000E+00 0.000E+00 0.000E+00 0.000E+00
 IN117      0.000E+00 1.674E-08 7.351E-30 0.000E+00 0.000E+00 0.000E+00 0.000E+00 0.000E+00 0.000E+00 0.000E+00
 IN117M     0.000E+00 2.123E-08 5.672E-30 0.000E+00 0.000E+00 0.000E+00 0.000E+00 0.000E+00 0.000E+00 0.000E+00
 SN117      0.000E+00 0.000E+00 0.000E+00 0.000E+00 0.000E+00 0.000E+00 0.000E+00 0.000E+00 0.000E+00 0.000E+00
 SN117M     0.000E+00 1.259E-17 7.901E-18 2.674E-18 1.923E-19 1.923E-19 1.923E-19 1.923E-19 1.923E-19 2.599E-23
 TC118      0.000E+00 0.000E+00 0.000E+00 0.000E+00 0.000E+00 0.000E+00 0.000E+00 0.000E+00 0.000E+00 0.000E+00
 RU118      0.000E+00 9.822E-13 0.000E+00 0.000E+00 0.000E+00 0.000E+00 0.000E+00 0.000E+00 0.000E+00 0.000E+00
 RH118      0.000E+00 2.764E-10 0.000E+00 0.000E+00 0.000E+00 0.000E+00 0.000E+00 0.000E+00 0.000E+00 0.000E+00
 PD118      0.000E+00 9.345E-09 0.000E+00 0.000E+00 0.000E+00 0.000E+00 0.000E+00 0.000E+00 0.000E+00 0.000E+00
 AG118      0.000E+00 2.317E-08 0.000E+00 0.000E+00 0.000E+00 0.000E+00 0.000E+00 0.000E+00 0.000E+00 0.000E+00
 AG118M     0.000E+00 1.013E-08 0.000E+00 0.000E+00 0.000E+00 0.000E+00 0.000E+00 0.000E+00 0.000E+00 0.000E+00
 CD118      0.000E+00 3.139E-08 0.000E+00 0.000E+00 0.000E+00 0.000E+00 0.000E+00 0.000E+00 0.000E+00 0.000E+00
 IN118      0.000E+00 3.140E-08 0.000E+00 0.000E+00 0.000E+00 0.000E+00 0.000E+00 0.000E+00 0.000E+00 0.000E+00
 IN118M     0.000E+00 7.423E-12 0.000E+00 0.000E+00 0.000E+00 0.000E+00 0.000E+00 0.000E+00 0.000E+00 0.000E+00
 SN118      0.000E+00 0.000E+00 0.000E+00 0.000E+00 0.000E+00 0.000E+00 0.000E+00 0.000E+00 0.000E+00 0.000E+00
 RU119      0.000E+00 0.000E+00 0.000E+00 0.000E+00 0.000E+00 0.000E+00 0.000E+00 0.000E+00 0.000E+00 0.000E+00
 RH119      0.000E+00 5.872E-11 0.000E+00 0.000E+00 0.000E+00 0.000E+00 0.000E+00 0.000E+00 0.000E+00 0.000E+00
 PD119      0.000E+00 5.333E-09 0.000E+00 0.000E+00 0.000E+00 0.000E+00 0.000E+00 0.000E+00 0.000E+00 0.000E+00
 AG119      0.000E+00 2.092E-08 0.000E+00 0.000E+00 0.000E+00 0.000E+00 0.000E+00 0.000E+00 0.000E+00 0.000E+00
 CD119      0.000E+00 1.446E-08 0.000E+00 0.000E+00 0.000E+00 0.000E+00 0.000E+00 0.000E+00 0.000E+00 0.000E+00
 CD119M     0.000E+00 1.446E-08 0.000E+00 0.000E+00 0.000E+00 0.000E+00 0.000E+00 0.000E+00 0.000E+00 0.000E+00
 IN119      0.000E+00 8.391E-09 0.000E+00 0.000E+00 0.000E+00 0.000E+00 0.000E+00 0.000E+00 0.000E+00 0.000E+00
 IN119M     0.000E+00 2.177E-08 0.000E+00 0.000E+00 0.000E+00 0.000E+00 0.000E+00 0.000E+00 0.000E+00 0.000E+00
 SN119      0.000E+00 0.000E+00 0.000E+00 0.000E+00 0.000E+00 0.000E+00 0.000E+00 0.000E+00 0.000E+00 0.000E+00
 RU120      0.000E+00 3.222E-15 0.000E+00 0.000E+00 0.000E+00 0.000E+00 0.000E+00 0.000E+00 0.000E+00 0.000E+00
 RH120      0.000E+00 7.460E-12 0.000E+00 0.000E+00 0.000E+00 0.000E+00 0.000E+00 0.000E+00 0.000E+00 0.000E+00
 PD120      0.000E+00 1.795E-09 0.000E+00 0.000E+00 0.000E+00 0.000E+00 0.000E+00 0.000E+00 0.000E+00 0.000E+00
 AG120      0.000E+00 1.453E-08 0.000E+00 0.000E+00 0.000E+00 0.000E+00 0.000E+00 0.000E+00 0.000E+00 0.000E+00
 CD120      0.000E+00 2.983E-08 0.000E+00 0.000E+00 0.000E+00 0.000E+00 0.000E+00 0.000E+00 0.000E+00 0.000E+00
 IN120      0.000E+00 1.526E-08 0.000E+00 0.000E+00 0.000E+00 0.000E+00 0.000E+00 0.000E+00 0.000E+00 0.000E+00
 IN120M     0.000E+00 1.526E-08 0.000E+00 0.000E+00 0.000E+00 0.000E+00 0.000E+00 0.000E+00 0.000E+00 0.000E+00
 SN120      0.000E+00 0.000E+00 0.000E+00 0.000E+00 0.000E+00 0.000E+00 0.000E+00 0.000E+00 0.000E+00 0.000E+00
 RH121      0.000E+00 8.574E-13 0.000E+00 0.000E+00 0.000E+00 0.000E+00 0.000E+00 0.000E+00 0.000E+00 0.000E+00
 PD121      0.000E+00 5.127E-10 0.000E+00 0.000E+00 0.000E+00 0.000E+00 0.000E+00 0.000E+00 0.000E+00 0.000E+00
 AG121      0.000E+00 8.905E-09 0.000E+00 0.000E+00 0.000E+00 0.000E+00 0.000E+00 0.000E+00 0.000E+00 0.000E+00
 CD121      0.000E+00 3.016E-08 0.000E+00 0.000E+00 0.000E+00 0.000E+00 0.000E+00 0.000E+00 0.000E+00 0.000E+00
 IN121      0.000E+00 2.582E-08 0.000E+00 0.000E+00 0.000E+00 0.000E+00 0.000E+00 0.000E+00 0.000E+00 0.000E+00
 IN121M     0.000E+00 7.500E-09 0.000E+00 0.000E+00 0.000E+00 0.000E+00 0.000E+00 0.000E+00 0.000E+00 0.000E+00
 SN121      0.000E+00 3.334E-08 6.715E-11 2.726E-16 2.229E-24 1.823E-32 0.000E+00 0.000E+00 0.000E+00 0.000E+00
 SN121M     0.000E+00 2.936E-15 2.935E-15 2.933E-15 2.930E-15 2.926E-15 2.923E-15 2.920E-15 2.916E-15 2.896E-15
 SB121      0.000E+00 0.000E+00 0.000E+00 0.000E+00 0.000E+00 0.000E+00 0.000E+00 0.000E+00 0.000E+00 0.000E+00
 RH122      0.000E+00 9.562E-14 0.000E+00 0.000E+00 0.000E+00 0.000E+00 0.000E+00 0.000E+00 0.000E+00 0.000E+00
 PD122      0.000E+00 1.321E-10 0.000E+00 0.000E+00 0.000E+00 0.000E+00 0.000E+00 0.000E+00 0.000E+00 0.000E+00
 AG122      0.000E+00 4.835E-09 0.000E+00 0.000E+00 0.000E+00 0.000E+00 0.000E+00 0.000E+00 0.000E+00 0.000E+00
 CD122      0.000E+00 2.929E-08 0.000E+00 0.000E+00 0.000E+00 0.000E+00 0.000E+00 0.000E+00 0.000E+00 0.000E+00
 IN122      0.000E+00 3.180E-08 0.000E+00 0.000E+00 0.000E+00 0.000E+00 0.000E+00 0.000E+00 0.000E+00 0.000E+00
 IN122M     0.000E+00 2.515E-09 0.000E+00 0.000E+00 0.000E+00 0.000E+00 0.000E+00 0.000E+00 0.000E+00 0.000E+00
 SN122      0.000E+00 0.000E+00 0.000E+00 0.000E+00 0.000E+00 0.000E+00 0.000E+00 0.000E+00 0.000E+00 0.000E+00
 SB122      0.000E+00 8.923E-12 6.850E-13 4.034E-15 1.825E-18 8.256E-22 3.735E-25 1.690E-28 7.644E-32 0.000E+00
 SB122M     0.000E+00 2.054E-13 0.000E+00 0.000E+00 0.000E+00 0.000E+00 0.000E+00 0.000E+00 0.000E+00 0.000E+00
 TE122      0.000E+00 0.000E+00 0.000E+00 0.000E+00 0.000E+00 0.000E+00 0.000E+00 0.000E+00 0.000E+00 0.000E+00
 RH123      0.000E+00 8.860E-15 0.000E+00 0.000E+00 0.000E+00 0.000E+00 0.000E+00 0.000E+00 0.000E+00 0.000E+00
 PD123      0.000E+00 2.937E-11 0.000E+00 0.000E+00 0.000E+00 0.000E+00 0.000E+00 0.000E+00 0.000E+00 0.000E+00
 AG123      0.000E+00 2.433E-09 0.000E+00 0.000E+00 0.000E+00 0.000E+00 0.000E+00 0.000E+00 0.000E+00 0.000E+00
 CD123      0.000E+00 2.712E-08 0.000E+00 0.000E+00 0.000E+00 0.000E+00 0.000E+00 0.000E+00 0.000E+00 0.000E+00
 IN123      0.000E+00 2.618E-08 0.000E+00 0.000E+00 0.000E+00 0.000E+00 0.000E+00 0.000E+00 0.000E+00 0.000E+00
 IN123M     0.000E+00 1.130E-08 0.000E+00 0.000E+00 0.000E+00 0.000E+00 0.000E+00 0.000E+00 0.000E+00 0.000E+00
 SN123      0.000E+00 2.996E-10 2.840E-10 2.551E-10 2.172E-10 1.849E-10 1.574E-10 1.340E-10 1.141E-10 4.341E-11
 SN123M     0.000E+00 3.102E-08 0.000E+00 0.000E+00 0.000E+00 0.000E+00 0.000E+00 0.000E+00 0.000E+00 0.000E+00
 SB123      0.000E+00 0.000E+00 0.000E+00 0.000E+00 0.000E+00 0.000E+00 0.000E+00 0.000E+00 0.000E+00 0.000E+00
 TE123      0.000E+00 6.465E-31 6.735E-31 7.243E-31 7.858E-31 8.376E-31 8.811E-31 9.212E-31 9.544E-31 1.055E-30
 TE123M     0.000E+00 1.421E-17 1.339E-17 1.183E-17 9.957E-18 8.377E-18 7.048E-18 5.823E-18 4.812E-18 1.738E-18
 PD124      0.000E+00 5.872E-12 0.000E+00 0.000E+00 0.000E+00 0.000E+00 0.000E+00 0.000E+00 0.000E+00 0.000E+00
 AG124      0.000E+00 1.157E-09 0.000E+00 0.000E+00 0.000E+00 0.000E+00 0.000E+00 0.000E+00 0.000E+00 0.000E+00
 CD124      0.000E+00 2.870E-08 0.000E+00 0.000E+00 0.000E+00 0.000E+00 0.000E+00 0.000E+00 0.000E+00 0.000E+00
 IN124      0.000E+00 5.349E-08 0.000E+00 0.000E+00 0.000E+00 0.000E+00 0.000E+00 0.000E+00 0.000E+00 0.000E+00
 SN124      0.000E+00 0.000E+00 0.000E+00 0.000E+00 0.000E+00 0.000E+00 0.000E+00 0.000E+00 0.000E+00 0.000E+00
 SB124      0.000E+00 1.314E-12 1.171E-12 9.300E-13 6.584E-13 4.661E-13 3.299E-13 2.336E-13 1.653E-13 2.081E-14
 SB124M     0.000E+00 7.694E-12 0.000E+00 0.000E+00 0.000E+00 0.000E+00 0.000E+00 0.000E+00 0.000E+00 0.000E+00
 TE124      0.000E+00 0.000E+00 0.000E+00 0.000E+00 0.000E+00 0.000E+00 0.000E+00 0.000E+00 0.000E+00 0.000E+00
 PD125      0.000E+00 0.000E+00 0.000E+00 0.000E+00 0.000E+00 0.000E+00 0.000E+00 0.000E+00 0.000E+00 0.000E+00
 AG125      0.000E+00 2.328E-10 0.000E+00 0.000E+00 0.000E+00 0.000E+00 0.000E+00 0.000E+00 0.000E+00 0.000E+00
 CD125      0.000E+00 1.359E-08 0.000E+00 0.000E+00 0.000E+00 0.000E+00 0.000E+00 0.000E+00 0.000E+00 0.000E+00
 IN125      0.000E+00 2.269E-08 0.000E+00 0.000E+00 0.000E+00 0.000E+00 0.000E+00 0.000E+00 0.000E+00 0.000E+00
 SN125      0.000E+00 9.669E-09 4.711E-09 1.118E-09 1.293E-10 1.496E-11 1.730E-12 2.001E-13 2.315E-14 5.542E-20
 SN125M     0.000E+00 4.212E-08 0.000E+00 0.000E+00 0.000E+00 0.000E+00 0.000E+00 0.000E+00 0.000E+00 0.000E+00
 SB125      0.000E+00 1.719E-10 2.181E-10 2.491E-10 2.533E-10 2.492E-10 2.443E-10 2.393E-10 2.344E-10 2.072E-10
 TE125      0.000E+00 0.000E+00 0.000E+00 0.000E+00 0.000E+00 0.000E+00 0.000E+00 0.000E+00 0.000E+00 0.000E+00
 TE125M     0.000E+00 1.784E-12 6.724E-12 1.694E-11 2.936E-11 3.793E-11 4.359E-11 4.720E-11 4.938E-11 4.966E-11
 PD126      0.000E+00 6.704E-14 0.000E+00 0.000E+00 0.000E+00 0.000E+00 0.000E+00 0.000E+00 0.000E+00 0.000E+00
 AG126      0.000E+00 1.043E-10 0.000E+00 0.000E+00 0.000E+00 0.000E+00 0.000E+00 0.000E+00 0.000E+00 0.000E+00
 CD126      0.000E+00 1.725E-08 0.000E+00 0.000E+00 0.000E+00 0.000E+00 0.000E+00 0.000E+00 0.000E+00 0.000E+00
 IN126      0.000E+00 1.040E-07 0.000E+00 0.000E+00 0.000E+00 0.000E+00 0.000E+00 0.000E+00 0.000E+00 0.000E+00
 SN126      0.000E+00 1.400E-14 1.400E-14 1.400E-14 1.400E-14 1.400E-14 1.400E-14 1.400E-14 1.400E-14 1.400E-14
 SB126      0.000E+00 5.241E-10 2.997E-10 9.795E-11 1.830E-11 3.421E-12 6.407E-13 1.213E-13 2.426E-14 1.962E-15
 SB126M     0.000E+00 8.738E-10 1.400E-14 1.400E-14 1.400E-14 1.400E-14 1.400E-14 1.400E-14 1.400E-14 1.400E-14
 TE126      0.000E+00 0.000E+00 0.000E+00 0.000E+00 0.000E+00 0.000E+00 0.000E+00 0.000E+00 0.000E+00 0.000E+00
 AG127      0.000E+00 0.000E+00 0.000E+00 0.000E+00 0.000E+00 0.000E+00 0.000E+00 0.000E+00 0.000E+00 0.000E+00
 XE126      0.000E+00 0.000E+00 0.000E+00 0.000E+00 0.000E+00 0.000E+00 0.000E+00 0.000E+00 0.000E+00 0.000E+00
 CD127      0.000E+00 8.756E-09 0.000E+00 0.000E+00 0.000E+00 0.000E+00 0.000E+00 0.000E+00 0.000E+00 0.000E+00
 IN127      0.000E+00 5.868E-08 0.000E+00 0.000E+00 0.000E+00 0.000E+00 0.000E+00 0.000E+00 0.000E+00 0.000E+00
 IN127M     0.000E+00 5.868E-08 0.000E+00 0.000E+00 0.000E+00 0.000E+00 0.000E+00 0.000E+00 0.000E+00 0.000E+00
 SN127      0.000E+00 2.180E-07 0.000E+00 0.000E+00 0.000E+00 0.000E+00 0.000E+00 0.000E+00 0.000E+00 0.000E+00
 SN127M     0.000E+00 1.086E-07 0.000E+00 0.000E+00 0.000E+00 0.000E+00 0.000E+00 0.000E+00 0.000E+00 0.000E+00
 SB127      0.000E+00 1.709E-07 2.908E-08 7.936E-10 3.577E-12 1.613E-14 7.038E-17 0.000E+00 0.000E+00 0.000E+00
 TE127      0.000E+00 1.478E-07 2.913E-08 2.005E-09 1.036E-09 8.531E-10 7.050E-10 5.825E-10 4.814E-10 1.532E-10
 TE127M     0.000E+00 6.480E-10 1.301E-09 1.272E-09 1.054E-09 8.710E-10 7.197E-10 5.947E-10 4.914E-10 1.564E-10
  I127      0.000E+00 0.000E+00 0.000E+00 0.000E+00 0.000E+00 0.000E+00 0.000E+00 0.000E+00 0.000E+00 0.000E+00
 XE127      0.000E+00 0.000E+00 0.000E+00 0.000E+00 0.000E+00 0.000E+00 0.000E+00 0.000E+00 0.000E+00 0.000E+00
 AG128      0.000E+00 3.092E-12 0.000E+00 0.000E+00 0.000E+00 0.000E+00 0.000E+00 0.000E+00 0.000E+00 0.000E+00
 CD128      0.000E+00 4.134E-09 0.000E+00 0.000E+00 0.000E+00 0.000E+00 0.000E+00 0.000E+00 0.000E+00 0.000E+00
 IN128      0.000E+00 1.473E-07 0.000E+00 0.000E+00 0.000E+00 0.000E+00 0.000E+00 0.000E+00 0.000E+00 0.000E+00
 SN128      0.000E+00 8.661E-07 0.000E+00 0.000E+00 0.000E+00 0.000E+00 0.000E+00 0.000E+00 0.000E+00 0.000E+00
 SB128      0.000E+00 2.858E-08 2.745E-16 2.531E-32 0.000E+00 0.000E+00 0.000E+00 0.000E+00 0.000E+00 0.000E+00
 SB128M     0.000E+00 8.833E-07 0.000E+00 0.000E+00 0.000E+00 0.000E+00 0.000E+00 0.000E+00 0.000E+00 0.000E+00
 TE128      0.000E+00 0.000E+00 0.000E+00 0.000E+00 0.000E+00 0.000E+00 0.000E+00 0.000E+00 0.000E+00 0.000E+00
  I128      0.000E+00 1.030E-10 0.000E+00 0.000E+00 0.000E+00 0.000E+00 0.000E+00 0.000E+00 0.000E+00 0.000E+00
 XE128      0.000E+00 0.000E+00 0.000E+00 0.000E+00 0.000E+00 0.000E+00 0.000E+00 0.000E+00 0.000E+00 0.000E+00
 CD129      0.000E+00 7.717E-10 0.000E+00 0.000E+00 0.000E+00 0.000E+00 0.000E+00 0.000E+00 0.000E+00 0.000E+00
 IN129      0.000E+00 9.925E-08 0.000E+00 0.000E+00 0.000E+00 0.000E+00 0.000E+00 0.000E+00 0.000E+00 0.000E+00
 SN129      0.000E+00 5.332E-07 0.000E+00 0.000E+00 0.000E+00 0.000E+00 0.000E+00 0.000E+00 0.000E+00 0.000E+00
 SN129M     0.000E+00 9.115E-07 0.000E+00 0.000E+00 0.000E+00 0.000E+00 0.000E+00 0.000E+00 0.000E+00 0.000E+00
 SB129      0.000E+00 1.656E-06 3.159E-23 0.000E+00 0.000E+00 0.000E+00 0.000E+00 0.000E+00 0.000E+00 0.000E+00
 TE129      0.000E+00 1.487E-06 1.287E-08 8.518E-09 4.587E-09 2.470E-09 1.330E-09 7.165E-10 3.859E-10 9.413E-12
 TE129M     0.000E+00 2.311E-08 1.977E-08 1.309E-08 7.047E-09 3.795E-09 2.044E-09 1.101E-09 5.928E-10 1.446E-11
  I129      0.000E+00 8.850E-16 9.698E-16 1.009E-15 1.044E-15 1.063E-15 1.074E-15 1.079E-15 1.082E-15 1.086E-15
 XE129      0.000E+00 0.000E+00 0.000E+00 0.000E+00 0.000E+00 0.000E+00 0.000E+00 0.000E+00 0.000E+00 0.000E+00
 XE129M     0.000E+00 4.860E-15 2.044E-15 3.620E-16 2.577E-17 8.876E-19 6.692E-19 0.000E+00 0.000E+00 0.000E+00
 CD130      0.000E+00 1.951E-09 0.000E+00 0.000E+00 0.000E+00 0.000E+00 0.000E+00 0.000E+00 0.000E+00 0.000E+00
 IN130      0.000E+00 1.805E-07 0.000E+00 0.000E+00 0.000E+00 0.000E+00 0.000E+00 0.000E+00 0.000E+00 0.000E+00
 SN130      0.000E+00 2.314E-06 0.000E+00 0.000E+00 0.000E+00 0.000E+00 0.000E+00 0.000E+00 0.000E+00 0.000E+00
 SB130      0.000E+00 5.379E-07 0.000E+00 0.000E+00 0.000E+00 0.000E+00 0.000E+00 0.000E+00 0.000E+00 0.000E+00
 SB130M     0.000E+00 3.101E-06 0.000E+00 0.000E+00 0.000E+00 0.000E+00 0.000E+00 0.000E+00 0.000E+00 0.000E+00
 TE130      0.000E+00 0.000E+00 0.000E+00 0.000E+00 0.000E+00 0.000E+00 0.000E+00 0.000E+00 0.000E+00 0.000E+00
  I130M     0.000E+00 2.470E-09 0.000E+00 0.000E+00 0.000E+00 0.000E+00 0.000E+00 0.000E+00 0.000E+00 0.000E+00
 XE130      0.000E+00 0.000E+00 0.000E+00 0.000E+00 0.000E+00 0.000E+00 0.000E+00 0.000E+00 0.000E+00 0.000E+00
 CD131      0.000E+00 1.806E-10 0.000E+00 0.000E+00 0.000E+00 0.000E+00 0.000E+00 0.000E+00 0.000E+00 0.000E+00
 IN131      0.000E+00 5.864E-08 0.000E+00 0.000E+00 0.000E+00 0.000E+00 0.000E+00 0.000E+00 0.000E+00 0.000E+00
 SN131      0.000E+00 2.431E-06 0.000E+00 0.000E+00 0.000E+00 0.000E+00 0.000E+00 0.000E+00 0.000E+00 0.000E+00
 SB131      0.000E+00 6.562E-06 0.000E+00 0.000E+00 0.000E+00 0.000E+00 0.000E+00 0.000E+00 0.000E+00 0.000E+00
 TE131      0.000E+00 6.611E-06 8.341E-10 1.273E-14 7.586E-22 4.522E-29 0.000E+00 0.000E+00 0.000E+00 0.000E+00
 TE131M     0.000E+00 9.425E-07 3.705E-09 5.653E-14 3.370E-21 2.008E-28 1.201E-35 0.000E+00 0.000E+00 0.000E+00
  I131      0.000E+00 2.296E-06 1.054E-06 1.881E-07 1.416E-08 1.067E-09 8.032E-11 6.049E-12 4.555E-13 8.307E-20
 XE131      0.000E+00 0.000E+00 0.000E+00 0.000E+00 0.000E+00 0.000E+00 0.000E+00 0.000E+00 0.000E+00 0.000E+00
 XE131M     0.000E+00 5.167E-09 1.063E-08 6.574E-09 1.575E-09 3.068E-10 5.587E-11 9.915E-12 1.741E-12 4.889E-17
 CD132      0.000E+00 1.616E-11 0.000E+00 0.000E+00 0.000E+00 0.000E+00 0.000E+00 0.000E+00 0.000E+00 0.000E+00
 IN132      0.000E+00 1.750E-08 0.000E+00 0.000E+00 0.000E+00 0.000E+00 0.000E+00 0.000E+00 0.000E+00 0.000E+00
 SN132      0.000E+00 1.514E-06 0.000E+00 0.000E+00 0.000E+00 0.000E+00 0.000E+00 0.000E+00 0.000E+00 0.000E+00
 SB132      0.000E+00 4.268E-06 0.000E+00 0.000E+00 0.000E+00 0.000E+00 0.000E+00 0.000E+00 0.000E+00 0.000E+00
 SB132M     0.000E+00 2.728E-06 0.000E+00 0.000E+00 0.000E+00 0.000E+00 0.000E+00 0.000E+00 0.000E+00 0.000E+00
 TE132      0.000E+00 6.045E-06 7.208E-07 1.023E-08 1.733E-11 2.933E-14 5.265E-17 0.000E+00 0.000E+00 0.000E+00
  I132      0.000E+00 6.089E-06 7.426E-07 1.054E-08 1.785E-11 3.022E-14 5.416E-17 9.174E-20 0.000E+00 0.000E+00
 XE132      0.000E+00 0.000E+00 0.000E+00 0.000E+00 0.000E+00 0.000E+00 0.000E+00 0.000E+00 0.000E+00 0.000E+00
 CS132      0.000E+00 0.000E+00 0.000E+00 0.000E+00 0.000E+00 0.000E+00 0.000E+00 0.000E+00 0.000E+00 0.000E+00
 BA132      0.000E+00 0.000E+00 0.000E+00 0.000E+00 0.000E+00 0.000E+00 0.000E+00 0.000E+00 0.000E+00 0.000E+00
 IN133      0.000E+00 1.008E-09 0.000E+00 0.000E+00 0.000E+00 0.000E+00 0.000E+00 0.000E+00 0.000E+00 0.000E+00
 SN133      0.000E+00 4.375E-07 0.000E+00 0.000E+00 0.000E+00 0.000E+00 0.000E+00 0.000E+00 0.000E+00 0.000E+00
 SB133      0.000E+00 5.842E-06 0.000E+00 0.000E+00 0.000E+00 0.000E+00 0.000E+00 0.000E+00 0.000E+00 0.000E+00
 TE133      0.000E+00 9.943E-06 0.000E+00 0.000E+00 0.000E+00 0.000E+00 0.000E+00 0.000E+00 0.000E+00 0.000E+00
 TE133M     0.000E+00 7.949E-06 0.000E+00 0.000E+00 0.000E+00 0.000E+00 0.000E+00 0.000E+00 0.000E+00 0.000E+00
  I133      0.000E+00 1.763E-05 6.087E-09 6.880E-16 2.614E-26 1.056E-36 0.000E+00 0.000E+00 0.000E+00 0.000E+00
  I133M     0.000E+00 3.352E-07 0.000E+00 0.000E+00 0.000E+00 0.000E+00 0.000E+00 0.000E+00 0.000E+00 0.000E+00
 XE133      0.000E+00 6.825E-06 2.852E-06 2.044E-07 3.880E-09 7.365E-11 1.398E-12 2.653E-14 5.045E-16 2.359E-26
 XE133M     0.000E+00 3.135E-07 2.753E-08 4.922E-11 3.699E-15 2.780E-19 2.089E-23 1.570E-27 1.180E-31 0.000E+00
 CS133      0.000E+00 0.000E+00 0.000E+00 0.000E+00 0.000E+00 0.000E+00 0.000E+00 0.000E+00 0.000E+00 0.000E+00
 BA133      0.000E+00 0.000E+00 0.000E+00 0.000E+00 0.000E+00 0.000E+00 0.000E+00 0.000E+00 0.000E+00 0.000E+00
 IN134      0.000E+00 1.510E-11 0.000E+00 0.000E+00 0.000E+00 0.000E+00 0.000E+00 0.000E+00 0.000E+00 0.000E+00
 SN134      0.000E+00 2.652E-08 0.000E+00 0.000E+00 0.000E+00 0.000E+00 0.000E+00 0.000E+00 0.000E+00 0.000E+00
 SB134      0.000E+00 6.215E-07 0.000E+00 0.000E+00 0.000E+00 0.000E+00 0.000E+00 0.000E+00 0.000E+00 0.000E+00
 SB134M     0.000E+00 5.950E-07 0.000E+00 0.000E+00 0.000E+00 0.000E+00 0.000E+00 0.000E+00 0.000E+00 0.000E+00
 TE134      0.000E+00 1.765E-05 0.000E+00 0.000E+00 0.000E+00 0.000E+00 0.000E+00 0.000E+00 0.000E+00 0.000E+00
  I134      0.000E+00 1.985E-05 0.000E+00 0.000E+00 0.000E+00 0.000E+00 0.000E+00 0.000E+00 0.000E+00 0.000E+00
  I134M     0.000E+00 1.107E-06 0.000E+00 0.000E+00 0.000E+00 0.000E+00 0.000E+00 0.000E+00 0.000E+00 0.000E+00
 XE134      0.000E+00 0.000E+00 0.000E+00 0.000E+00 0.000E+00 0.000E+00 0.000E+00 0.000E+00 0.000E+00 0.000E+00
 XE134M     0.000E+00 6.158E-08 0.000E+00 0.000E+00 0.000E+00 0.000E+00 0.000E+00 0.000E+00 0.000E+00 0.000E+00
 CS134      0.000E+00 4.685E-11 4.664E-11 4.578E-11 4.454E-11 4.332E-11 4.214E-11 4.100E-11 3.988E-11 3.379E-11
 CS134M     0.000E+00 1.326E-09 0.000E+00 0.000E+00 0.000E+00 0.000E+00 0.000E+00 0.000E+00 0.000E+00 0.000E+00
 BA134      0.000E+00 0.000E+00 0.000E+00 0.000E+00 0.000E+00 0.000E+00 0.000E+00 0.000E+00 0.000E+00 0.000E+00
 SN135      0.000E+00 3.222E-09 0.000E+00 0.000E+00 0.000E+00 0.000E+00 0.000E+00 0.000E+00 0.000E+00 0.000E+00
 SB135      0.000E+00 5.151E-07 0.000E+00 0.000E+00 0.000E+00 0.000E+00 0.000E+00 0.000E+00 0.000E+00 0.000E+00
 TE135      0.000E+00 8.477E-06 0.000E+00 0.000E+00 0.000E+00 0.000E+00 0.000E+00 0.000E+00 0.000E+00 0.000E+00
  I135      0.000E+00 1.648E-05 1.945E-16 0.000E+00 0.000E+00 0.000E+00 0.000E+00 0.000E+00 0.000E+00 0.000E+00
 XE135      0.000E+00 6.587E-07 5.047E-13 6.392E-29 0.000E+00 0.000E+00 0.000E+00 0.000E+00 0.000E+00 0.000E+00
 XE135M     0.000E+00 2.956E-06 3.116E-17 0.000E+00 0.000E+00 0.000E+00 0.000E+00 0.000E+00 0.000E+00 0.000E+00
 CS135M     0.000E+00 1.631E-09 0.000E+00 0.000E+00 0.000E+00 0.000E+00 0.000E+00 0.000E+00 0.000E+00 0.000E+00
 BA135      0.000E+00 0.000E+00 0.000E+00 0.000E+00 0.000E+00 0.000E+00 0.000E+00 0.000E+00 0.000E+00 0.000E+00
 BA135M     0.000E+00 6.136E-13 1.870E-15 1.723E-20 4.817E-28 1.347E-35 0.000E+00 0.000E+00 0.000E+00 0.000E+00
 SN136      0.000E+00 1.400E-10 0.000E+00 0.000E+00 0.000E+00 0.000E+00 0.000E+00 0.000E+00 0.000E+00 0.000E+00
 SB136      0.000E+00 7.809E-08 0.000E+00 0.000E+00 0.000E+00 0.000E+00 0.000E+00 0.000E+00 0.000E+00 0.000E+00
 TE136      0.000E+00 4.937E-06 0.000E+00 0.000E+00 0.000E+00 0.000E+00 0.000E+00 0.000E+00 0.000E+00 0.000E+00
  I136      0.000E+00 7.854E-06 0.000E+00 0.000E+00 0.000E+00 0.000E+00 0.000E+00 0.000E+00 0.000E+00 0.000E+00
  I136M     0.000E+00 5.171E-06 0.000E+00 0.000E+00 0.000E+00 0.000E+00 0.000E+00 0.000E+00 0.000E+00 0.000E+00
 XE136      0.000E+00 0.000E+00 0.000E+00 0.000E+00 0.000E+00 0.000E+00 0.000E+00 0.000E+00 0.000E+00 0.000E+00
 CS136      0.000E+00 3.083E-09 1.817E-09 6.306E-10 1.290E-10 2.637E-11 5.394E-12 1.103E-12 2.256E-13 1.650E-17
 BA136      0.000E+00 0.000E+00 0.000E+00 0.000E+00 0.000E+00 0.000E+00 0.000E+00 0.000E+00 0.000E+00 0.000E+00
 BA136M     0.000E+00 5.081E-10 2.994E-10 1.039E-10 2.125E-11 4.346E-12 8.889E-13 1.818E-13 3.718E-14 2.720E-18
 SB137      0.000E+00 5.275E-09 0.000E+00 0.000E+00 0.000E+00 0.000E+00 0.000E+00 0.000E+00 0.000E+00 0.000E+00
 TE137      0.000E+00 1.068E-06 0.000E+00 0.000E+00 0.000E+00 0.000E+00 0.000E+00 0.000E+00 0.000E+00 0.000E+00
  I137      0.000E+00 8.468E-06 0.000E+00 0.000E+00 0.000E+00 0.000E+00 0.000E+00 0.000E+00 0.000E+00 0.000E+00
 XE137      0.000E+00 1.565E-05 0.000E+00 0.000E+00 0.000E+00 0.000E+00 0.000E+00 0.000E+00 0.000E+00 0.000E+00
 CS137      0.000E+00 5.039E-09 5.040E-09 5.033E-09 5.024E-09 5.014E-09 5.005E-09 4.995E-09 4.986E-09 4.929E-09
 BA137      0.000E+00 0.000E+00 0.000E+00 0.000E+00 0.000E+00 0.000E+00 0.000E+00 0.000E+00 0.000E+00 0.000E+00
 BA137M     0.000E+00 5.419E-09 4.767E-09 4.761E-09 4.752E-09 4.743E-09 4.734E-09 4.725E-09 4.716E-09 4.663E-09
 SB138      0.000E+00 3.300E-10 0.000E+00 0.000E+00 0.000E+00 0.000E+00 0.000E+00 0.000E+00 0.000E+00 0.000E+00
 TE138      0.000E+00 2.220E-07 0.000E+00 0.000E+00 0.000E+00 0.000E+00 0.000E+00 0.000E+00 0.000E+00 0.000E+00
  I138      0.000E+00 4.275E-06 0.000E+00 0.000E+00 0.000E+00 0.000E+00 0.000E+00 0.000E+00 0.000E+00 0.000E+00
 XE138      0.000E+00 1.634E-05 0.000E+00 0.000E+00 0.000E+00 0.000E+00 0.000E+00 0.000E+00 0.000E+00 0.000E+00
 CS138      0.000E+00 1.764E-05 0.000E+00 0.000E+00 0.000E+00 0.000E+00 0.000E+00 0.000E+00 0.000E+00 0.000E+00
 CS138M     0.000E+00 6.548E-07 0.000E+00 0.000E+00 0.000E+00 0.000E+00 0.000E+00 0.000E+00 0.000E+00 0.000E+00
 BA138      0.000E+00 0.000E+00 0.000E+00 0.000E+00 0.000E+00 0.000E+00 0.000E+00 0.000E+00 0.000E+00 0.000E+00
 LA138      0.000E+00 1.141E-23 1.141E-23 1.141E-23 1.141E-23 1.141E-23 1.141E-23 1.141E-23 1.141E-23 1.141E-23
 SB139      0.000E+00 1.530E-11 0.000E+00 0.000E+00 0.000E+00 0.000E+00 0.000E+00 0.000E+00 0.000E+00 0.000E+00
 TE139      0.000E+00 3.431E-08 0.000E+00 0.000E+00 0.000E+00 0.000E+00 0.000E+00 0.000E+00 0.000E+00 0.000E+00
  I139      0.000E+00 1.962E-06 0.000E+00 0.000E+00 0.000E+00 0.000E+00 0.000E+00 0.000E+00 0.000E+00 0.000E+00
 XE139      0.000E+00 1.341E-05 0.000E+00 0.000E+00 0.000E+00 0.000E+00 0.000E+00 0.000E+00 0.000E+00 0.000E+00
 CS139      0.000E+00 1.669E-05 0.000E+00 0.000E+00 0.000E+00 0.000E+00 0.000E+00 0.000E+00 0.000E+00 0.000E+00
 BA139      0.000E+00 1.686E-05 0.000E+00 0.000E+00 0.000E+00 0.000E+00 0.000E+00 0.000E+00 0.000E+00 0.000E+00
 LA139      0.000E+00 0.000E+00 0.000E+00 0.000E+00 0.000E+00 0.000E+00 0.000E+00 0.000E+00 0.000E+00 0.000E+00
 CE139      0.000E+00 0.000E+00 0.000E+00 0.000E+00 0.000E+00 0.000E+00 0.000E+00 0.000E+00 0.000E+00 0.000E+00
 PR139      0.000E+00 0.000E+00 0.000E+00 0.000E+00 0.000E+00 0.000E+00 0.000E+00 0.000E+00 0.000E+00 0.000E+00
 TE140      0.000E+00 3.248E-09 0.000E+00 0.000E+00 0.000E+00 0.000E+00 0.000E+00 0.000E+00 0.000E+00 0.000E+00
  I140      0.000E+00 5.879E-07 0.000E+00 0.000E+00 0.000E+00 0.000E+00 0.000E+00 0.000E+00 0.000E+00 0.000E+00
 XE140      0.000E+00 9.478E-06 0.000E+00 0.000E+00 0.000E+00 0.000E+00 0.000E+00 0.000E+00 0.000E+00 0.000E+00
 CS140      0.000E+00 1.514E-05 0.000E+00 0.000E+00 0.000E+00 0.000E+00 0.000E+00 0.000E+00 0.000E+00 0.000E+00
 BA140      0.000E+00 3.598E-06 2.093E-06 7.079E-07 1.393E-07 2.740E-08 5.390E-09 1.060E-09 2.086E-10 1.209E-14
 LA140      0.000E+00 3.625E-06 2.400E-06 8.153E-07 1.603E-07 3.153E-08 6.203E-09 1.220E-09 2.401E-10 1.392E-14
 CE140      0.000E+00 0.000E+00 0.000E+00 0.000E+00 0.000E+00 0.000E+00 0.000E+00 0.000E+00 0.000E+00 0.000E+00
 PR140      0.000E+00 0.000E+00 0.000E+00 0.000E+00 0.000E+00 0.000E+00 0.000E+00 0.000E+00 0.000E+00 0.000E+00
 TE141      0.000E+00 1.169E-10 0.000E+00 0.000E+00 0.000E+00 0.000E+00 0.000E+00 0.000E+00 0.000E+00 0.000E+00
  I141      0.000E+00 8.586E-08 0.000E+00 0.000E+00 0.000E+00 0.000E+00 0.000E+00 0.000E+00 0.000E+00 0.000E+00
 XE141      0.000E+00 3.168E-06 0.000E+00 0.000E+00 0.000E+00 0.000E+00 0.000E+00 0.000E+00 0.000E+00 0.000E+00
 CS141      0.000E+00 1.149E-05 0.000E+00 0.000E+00 0.000E+00 0.000E+00 0.000E+00 0.000E+00 0.000E+00 0.000E+00
 BA141      0.000E+00 1.526E-05 0.000E+00 0.000E+00 0.000E+00 0.000E+00 0.000E+00 0.000E+00 0.000E+00 0.000E+00
 LA141      0.000E+00 1.531E-05 6.913E-24 0.000E+00 0.000E+00 0.000E+00 0.000E+00 0.000E+00 0.000E+00 0.000E+00
 PR141      0.000E+00 0.000E+00 0.000E+00 0.000E+00 0.000E+00 0.000E+00 0.000E+00 0.000E+00 0.000E+00 0.000E+00
 ND141      0.000E+00 0.000E+00 0.000E+00 0.000E+00 0.000E+00 0.000E+00 0.000E+00 0.000E+00 0.000E+00 0.000E+00
 TE142      0.000E+00 1.879E-12 0.000E+00 0.000E+00 0.000E+00 0.000E+00 0.000E+00 0.000E+00 0.000E+00 0.000E+00
  I142      0.000E+00 5.744E-09 0.000E+00 0.000E+00 0.000E+00 0.000E+00 0.000E+00 0.000E+00 0.000E+00 0.000E+00
 XE142      0.000E+00 9.697E-07 0.000E+00 0.000E+00 0.000E+00 0.000E+00 0.000E+00 0.000E+00 0.000E+00 0.000E+00
 CS142      0.000E+00 7.332E-06 0.000E+00 0.000E+00 0.000E+00 0.000E+00 0.000E+00 0.000E+00 0.000E+00 0.000E+00
 BA142      0.000E+00 1.516E-05 0.000E+00 0.000E+00 0.000E+00 0.000E+00 0.000E+00 0.000E+00 0.000E+00 0.000E+00
 LA142      0.000E+00 1.542E-05 0.000E+00 0.000E+00 0.000E+00 0.000E+00 0.000E+00 0.000E+00 0.000E+00 0.000E+00
 CE142      0.000E+00 1.390E-18 1.419E-18 1.419E-18 1.419E-18 1.419E-18 1.419E-18 1.419E-18 1.419E-18 1.419E-18
 PR142      0.000E+00 1.192E-09 2.003E-13 5.607E-21 2.625E-32 0.000E+00 0.000E+00 0.000E+00 0.000E+00 0.000E+00
 PR142M     0.000E+00 4.046E-10 0.000E+00 0.000E+00 0.000E+00 0.000E+00 0.000E+00 0.000E+00 0.000E+00 0.000E+00
 ND142      0.000E+00 0.000E+00 0.000E+00 0.000E+00 0.000E+00 0.000E+00 0.000E+00 0.000E+00 0.000E+00 0.000E+00
  I143      0.000E+00 2.320E-10 0.000E+00 0.000E+00 0.000E+00 0.000E+00 0.000E+00 0.000E+00 0.000E+00 0.000E+00
 XE143      0.000E+00 1.327E-07 0.000E+00 0.000E+00 0.000E+00 0.000E+00 0.000E+00 0.000E+00 0.000E+00 0.000E+00
 CS143      0.000E+00 4.029E-06 0.000E+00 0.000E+00 0.000E+00 0.000E+00 0.000E+00 0.000E+00 0.000E+00 0.000E+00
 BA143      0.000E+00 1.376E-05 0.000E+00 0.000E+00 0.000E+00 0.000E+00 0.000E+00 0.000E+00 0.000E+00 0.000E+00
 LA143      0.000E+00 1.539E-05 0.000E+00 0.000E+00 0.000E+00 0.000E+00 0.000E+00 0.000E+00 0.000E+00 0.000E+00
 CE143      0.000E+00 1.547E-05 1.008E-07 4.214E-12 1.140E-18 3.082E-25 8.335E-32 0.000E+00 0.000E+00 0.000E+00
 PR143      0.000E+00 2.927E-06 2.799E-06 1.011E-06 2.184E-07 4.714E-08 1.018E-08 2.197E-09 4.744E-10 4.804E-14
 ND143      0.000E+00 0.000E+00 0.000E+00 0.000E+00 0.000E+00 0.000E+00 0.000E+00 0.000E+00 0.000E+00 0.000E+00
  I144      0.000E+00 8.315E-12 0.000E+00 0.000E+00 0.000E+00 0.000E+00 0.000E+00 0.000E+00 0.000E+00 0.000E+00
 XE144      0.000E+00 1.570E-08 0.000E+00 0.000E+00 0.000E+00 0.000E+00 0.000E+00 0.000E+00 0.000E+00 0.000E+00
 CS144      0.000E+00 7.484E-07 0.000E+00 0.000E+00 0.000E+00 0.000E+00 0.000E+00 0.000E+00 0.000E+00 0.000E+00
 BA144      0.000E+00 1.109E-05 0.000E+00 0.000E+00 0.000E+00 0.000E+00 0.000E+00 0.000E+00 0.000E+00 0.000E+00
 LA144      0.000E+00 1.400E-05 0.000E+00 0.000E+00 0.000E+00 0.000E+00 0.000E+00 0.000E+00 0.000E+00 0.000E+00
 CE144      0.000E+00 1.711E-07 1.670E-07 1.590E-07 1.478E-07 1.374E-07 1.277E-07 1.187E-07 1.103E-07 7.112E-08
 PR144      0.000E+00 2.594E-07 1.670E-07 1.590E-07 1.478E-07 1.374E-07 1.277E-07 1.187E-07 1.103E-07 7.113E-08
 PR144M     0.000E+00 2.143E-09 2.004E-09 1.908E-09 1.774E-09 1.649E-09 1.532E-09 1.424E-09 1.324E-09 8.535E-10
 ND144      0.000E+00 1.166E-24 2.696E-24 5.643E-24 9.804E-24 1.367E-23 1.726E-23 2.060E-23 2.371E-23 3.824E-23
  I145      0.000E+00 0.000E+00 0.000E+00 0.000E+00 0.000E+00 0.000E+00 0.000E+00 0.000E+00 0.000E+00 0.000E+00
 XE145      0.000E+00 2.089E-10 0.000E+00 0.000E+00 0.000E+00 0.000E+00 0.000E+00 0.000E+00 0.000E+00 0.000E+00
 CS145      0.000E+00 1.766E-07 0.000E+00 0.000E+00 0.000E+00 0.000E+00 0.000E+00 0.000E+00 0.000E+00 0.000E+00
 BA145      0.000E+00 5.132E-06 0.000E+00 0.000E+00 0.000E+00 0.000E+00 0.000E+00 0.000E+00 0.000E+00 0.000E+00
 LA145      0.000E+00 9.601E-06 0.000E+00 0.000E+00 0.000E+00 0.000E+00 0.000E+00 0.000E+00 0.000E+00 0.000E+00
 CE145      0.000E+00 1.021E-05 0.000E+00 0.000E+00 0.000E+00 0.000E+00 0.000E+00 0.000E+00 0.000E+00 0.000E+00
 PR145      0.000E+00 1.022E-05 8.574E-18 0.000E+00 0.000E+00 0.000E+00 0.000E+00 0.000E+00 0.000E+00 0.000E+00
 ND145      0.000E+00 0.000E+00 0.000E+00 0.000E+00 0.000E+00 0.000E+00 0.000E+00 0.000E+00 0.000E+00 0.000E+00
 PM145      0.000E+00 0.000E+00 0.000E+00 0.000E+00 0.000E+00 0.000E+00 0.000E+00 0.000E+00 0.000E+00 0.000E+00
 SM145      0.000E+00 0.000E+00 0.000E+00 0.000E+00 0.000E+00 0.000E+00 0.000E+00 0.000E+00 0.000E+00 0.000E+00
 XE146      0.000E+00 3.170E-11 0.000E+00 0.000E+00 0.000E+00 0.000E+00 0.000E+00 0.000E+00 0.000E+00 0.000E+00
 CS146      0.000E+00 1.929E-08 0.000E+00 0.000E+00 0.000E+00 0.000E+00 0.000E+00 0.000E+00 0.000E+00 0.000E+00
 BA146      0.000E+00 1.720E-06 0.000E+00 0.000E+00 0.000E+00 0.000E+00 0.000E+00 0.000E+00 0.000E+00 0.000E+00
 LA146      0.000E+00 5.956E-06 0.000E+00 0.000E+00 0.000E+00 0.000E+00 0.000E+00 0.000E+00 0.000E+00 0.000E+00
 CE146      0.000E+00 7.749E-06 0.000E+00 0.000E+00 0.000E+00 0.000E+00 0.000E+00 0.000E+00 0.000E+00 0.000E+00
 PR146      0.000E+00 7.771E-06 0.000E+00 0.000E+00 0.000E+00 0.000E+00 0.000E+00 0.000E+00 0.000E+00 0.000E+00
 ND146      0.000E+00 0.000E+00 0.000E+00 0.000E+00 0.000E+00 0.000E+00 0.000E+00 0.000E+00 0.000E+00 0.000E+00
 PM146      0.000E+00 0.000E+00 0.000E+00 0.000E+00 0.000E+00 0.000E+00 0.000E+00 0.000E+00 0.000E+00 0.000E+00
 SM146      0.000E+00 0.000E+00 0.000E+00 0.000E+00 0.000E+00 0.000E+00 0.000E+00 0.000E+00 0.000E+00 0.000E+00
 XE147      0.000E+00 6.340E-13 0.000E+00 0.000E+00 0.000E+00 0.000E+00 0.000E+00 0.000E+00 0.000E+00 0.000E+00
 CS147      0.000E+00 1.560E-09 0.000E+00 0.000E+00 0.000E+00 0.000E+00 0.000E+00 0.000E+00 0.000E+00 0.000E+00
 LA147      0.000E+00 2.766E-06 0.000E+00 0.000E+00 0.000E+00 0.000E+00 0.000E+00 0.000E+00 0.000E+00 0.000E+00
 CE147      0.000E+00 5.754E-06 0.000E+00 0.000E+00 0.000E+00 0.000E+00 0.000E+00 0.000E+00 0.000E+00 0.000E+00
 PR147      0.000E+00 5.898E-06 0.000E+00 0.000E+00 0.000E+00 0.000E+00 0.000E+00 0.000E+00 0.000E+00 0.000E+00
 ND147      0.000E+00 1.466E-06 7.862E-07 2.245E-07 3.425E-08 5.226E-09 7.973E-10 1.216E-10 1.856E-11 2.341E-16
 PM147      0.000E+00 4.345E-09 1.219E-08 1.844E-08 2.021E-08 2.011E-08 1.973E-08 1.931E-08 1.890E-08 1.659E-08
 SM147      0.000E+00 2.634E-22 1.803E-21 7.472E-21 1.793E-20 2.868E-20 3.928E-20 4.967E-20 5.983E-20 1.164E-19
 CS148      0.000E+00 4.547E-11 0.000E+00 0.000E+00 0.000E+00 0.000E+00 0.000E+00 0.000E+00 0.000E+00 0.000E+00
 BA148      0.000E+00 3.876E-08 0.000E+00 0.000E+00 0.000E+00 0.000E+00 0.000E+00 0.000E+00 0.000E+00 0.000E+00
 LA148      0.000E+00 9.222E-07 0.000E+00 0.000E+00 0.000E+00 0.000E+00 0.000E+00 0.000E+00 0.000E+00 0.000E+00
 CE148      0.000E+00 3.962E-06 0.000E+00 0.000E+00 0.000E+00 0.000E+00 0.000E+00 0.000E+00 0.000E+00 0.000E+00
 PR148      0.000E+00 4.383E-06 0.000E+00 0.000E+00 0.000E+00 0.000E+00 0.000E+00 0.000E+00 0.000E+00 0.000E+00
 ND148      0.000E+00 0.000E+00 0.000E+00 0.000E+00 0.000E+00 0.000E+00 0.000E+00 0.000E+00 0.000E+00 0.000E+00
 PM148      0.000E+00 2.949E-09 8.232E-10 7.365E-11 8.945E-12 4.666E-12 2.805E-12 1.695E-12 1.024E-12 4.993E-14
 PM148M     0.000E+00 3.731E-10 3.155E-10 2.255E-10 1.363E-10 8.237E-11 4.979E-11 3.009E-11 1.819E-11 8.864E-13
 SM148      0.000E+00 2.406E-27 7.127E-27 9.776E-27 1.116E-26 1.193E-26 1.239E-26 1.267E-26 1.284E-26 1.309E-26
 CS149      0.000E+00 0.000E+00 0.000E+00 0.000E+00 0.000E+00 0.000E+00 0.000E+00 0.000E+00 0.000E+00 0.000E+00
 BA149      0.000E+00 2.341E-09 0.000E+00 0.000E+00 0.000E+00 0.000E+00 0.000E+00 0.000E+00 0.000E+00 0.000E+00
 LA149      0.000E+00 1.827E-07 0.000E+00 0.000E+00 0.000E+00 0.000E+00 0.000E+00 0.000E+00 0.000E+00 0.000E+00
 CE149      0.000E+00 2.027E-06 0.000E+00 0.000E+00 0.000E+00 0.000E+00 0.000E+00 0.000E+00 0.000E+00 0.000E+00
 PR149      0.000E+00 2.781E-06 0.000E+00 0.000E+00 0.000E+00 0.000E+00 0.000E+00 0.000E+00 0.000E+00 0.000E+00
 ND149      0.000E+00 2.830E-06 0.000E+00 0.000E+00 0.000E+00 0.000E+00 0.000E+00 0.000E+00 0.000E+00 0.000E+00
 PM149      0.000E+00 1.750E-06 8.045E-08 1.530E-10 1.264E-14 1.044E-18 8.620E-23 7.120E-27 5.881E-31 0.000E+00
 SM149      0.000E+00 4.690E-25 1.539E-24 1.588E-24 1.588E-24 1.588E-24 1.588E-24 1.588E-24 1.588E-24 1.588E-24
 EU149      0.000E+00 0.000E+00 0.000E+00 0.000E+00 0.000E+00 0.000E+00 0.000E+00 0.000E+00 0.000E+00 0.000E+00
 CS150      0.000E+00 1.019E-14 0.000E+00 0.000E+00 0.000E+00 0.000E+00 0.000E+00 0.000E+00 0.000E+00 0.000E+00
 BA150      0.000E+00 1.055E-10 0.000E+00 0.000E+00 0.000E+00 0.000E+00 0.000E+00 0.000E+00 0.000E+00 0.000E+00
 LA150      0.000E+00 2.554E-08 0.000E+00 0.000E+00 0.000E+00 0.000E+00 0.000E+00 0.000E+00 0.000E+00 0.000E+00
 CE150      0.000E+00 7.583E-07 0.000E+00 0.000E+00 0.000E+00 0.000E+00 0.000E+00 0.000E+00 0.000E+00 0.000E+00
 PR150      0.000E+00 1.538E-06 0.000E+00 0.000E+00 0.000E+00 0.000E+00 0.000E+00 0.000E+00 0.000E+00 0.000E+00
 ND150      0.000E+00 0.000E+00 0.000E+00 0.000E+00 0.000E+00 0.000E+00 0.000E+00 0.000E+00 0.000E+00 0.000E+00
 PM150      0.000E+00 1.365E-07 0.000E+00 0.000E+00 0.000E+00 0.000E+00 0.000E+00 0.000E+00 0.000E+00 0.000E+00
 SM150      0.000E+00 0.000E+00 0.000E+00 0.000E+00 0.000E+00 0.000E+00 0.000E+00 0.000E+00 0.000E+00 0.000E+00
 EU150      0.000E+00 0.000E+00 0.000E+00 0.000E+00 0.000E+00 0.000E+00 0.000E+00 0.000E+00 0.000E+00 0.000E+00
 BA151      0.000E+00 0.000E+00 0.000E+00 0.000E+00 0.000E+00 0.000E+00 0.000E+00 0.000E+00 0.000E+00 0.000E+00
 LA151      0.000E+00 2.157E-09 0.000E+00 0.000E+00 0.000E+00 0.000E+00 0.000E+00 0.000E+00 0.000E+00 0.000E+00
 CE151      0.000E+00 1.913E-07 0.000E+00 0.000E+00 0.000E+00 0.000E+00 0.000E+00 0.000E+00 0.000E+00 0.000E+00
 PR151      0.000E+00 7.707E-07 0.000E+00 0.000E+00 0.000E+00 0.000E+00 0.000E+00 0.000E+00 0.000E+00 0.000E+00
 ND151      0.000E+00 1.088E-06 0.000E+00 0.000E+00 0.000E+00 0.000E+00 0.000E+00 0.000E+00 0.000E+00 0.000E+00
 PM151      0.000E+00 1.071E-06 3.077E-09 2.502E-14 5.802E-22 1.345E-29 3.095E-37 0.000E+00 0.000E+00 0.000E+00
 SM151      0.000E+00 4.866E-11 8.734E-11 8.741E-11 8.736E-11 8.730E-11 8.725E-11 8.719E-11 8.714E-11 8.681E-11
 EU151      0.000E+00 0.000E+00 0.000E+00 0.000E+00 0.000E+00 0.000E+00 0.000E+00 0.000E+00 0.000E+00 0.000E+00
 BA152      0.000E+00 4.547E-14 0.000E+00 0.000E+00 0.000E+00 0.000E+00 0.000E+00 0.000E+00 0.000E+00 0.000E+00
 LA152      0.000E+00 1.227E-10 0.000E+00 0.000E+00 0.000E+00 0.000E+00 0.000E+00 0.000E+00 0.000E+00 0.000E+00
 CE152      0.000E+00 3.416E-08 0.000E+00 0.000E+00 0.000E+00 0.000E+00 0.000E+00 0.000E+00 0.000E+00 0.000E+00
 PR152      0.000E+00 3.096E-07 0.000E+00 0.000E+00 0.000E+00 0.000E+00 0.000E+00 0.000E+00 0.000E+00 0.000E+00
 ND152      0.000E+00 6.837E-07 0.000E+00 0.000E+00 0.000E+00 0.000E+00 0.000E+00 0.000E+00 0.000E+00 0.000E+00
 PM152      0.000E+00 7.154E-07 0.000E+00 0.000E+00 0.000E+00 0.000E+00 0.000E+00 0.000E+00 0.000E+00 0.000E+00
 PM152M     0.000E+00 9.588E-09 0.000E+00 0.000E+00 0.000E+00 0.000E+00 0.000E+00 0.000E+00 0.000E+00 0.000E+00
 SM152      0.000E+00 0.000E+00 0.000E+00 0.000E+00 0.000E+00 0.000E+00 0.000E+00 0.000E+00 0.000E+00 0.000E+00
 EU152      0.000E+00 3.015E-14 3.011E-14 3.002E-14 2.990E-14 2.977E-14 2.965E-14 2.953E-14 2.940E-14 2.867E-14
 GD152      0.000E+00 1.631E-27 1.865E-27 1.868E-27 1.872E-27 1.877E-27 1.881E-27 1.885E-27 1.890E-27 1.915E-27
 LA153      0.000E+00 3.560E-12 0.000E+00 0.000E+00 0.000E+00 0.000E+00 0.000E+00 0.000E+00 0.000E+00 0.000E+00
 CE153      0.000E+00 3.251E-09 0.000E+00 0.000E+00 0.000E+00 0.000E+00 0.000E+00 0.000E+00 0.000E+00 0.000E+00
 PR153      0.000E+00 8.120E-08 0.000E+00 0.000E+00 0.000E+00 0.000E+00 0.000E+00 0.000E+00 0.000E+00 0.000E+00
 ND153      0.000E+00 3.800E-07 0.000E+00 0.000E+00 0.000E+00 0.000E+00 0.000E+00 0.000E+00 0.000E+00 0.000E+00
 PM153      0.000E+00 4.216E-07 0.000E+00 0.000E+00 0.000E+00 0.000E+00 0.000E+00 0.000E+00 0.000E+00 0.000E+00
 SM153      0.000E+00 4.444E-07 1.263E-08 1.016E-11 2.319E-16 5.292E-21 1.208E-25 2.756E-30 6.285E-35 0.000E+00
 EU153      0.000E+00 0.000E+00 0.000E+00 0.000E+00 0.000E+00 0.000E+00 0.000E+00 0.000E+00 0.000E+00 0.000E+00
 GD153      0.000E+00 1.749E-14 1.699E-14 1.605E-14 1.473E-14 1.351E-14 1.240E-14 1.138E-14 1.044E-14 6.236E-15
 LA154      0.000E+00 7.353E-14 0.000E+00 0.000E+00 0.000E+00 0.000E+00 0.000E+00 0.000E+00 0.000E+00 0.000E+00
 CE154      0.000E+00 2.040E-10 0.000E+00 0.000E+00 0.000E+00 0.000E+00 0.000E+00 0.000E+00 0.000E+00 0.000E+00
 PR154      0.000E+00 1.421E-08 0.000E+00 0.000E+00 0.000E+00 0.000E+00 0.000E+00 0.000E+00 0.000E+00 0.000E+00
 ND154      0.000E+00 1.436E-07 0.000E+00 0.000E+00 0.000E+00 0.000E+00 0.000E+00 0.000E+00 0.000E+00 0.000E+00
 PM154      0.000E+00 1.699E-07 0.000E+00 0.000E+00 0.000E+00 0.000E+00 0.000E+00 0.000E+00 0.000E+00 0.000E+00
 PM154M     0.000E+00 2.385E-08 0.000E+00 0.000E+00 0.000E+00 0.000E+00 0.000E+00 0.000E+00 0.000E+00 0.000E+00
 SM154      0.000E+00 0.000E+00 0.000E+00 0.000E+00 0.000E+00 0.000E+00 0.000E+00 0.000E+00 0.000E+00 0.000E+00
 EU154      0.000E+00 1.004E-11 1.002E-11 9.977E-12 9.911E-12 9.846E-12 9.781E-12 9.716E-12 9.652E-12 9.276E-12
 GD154      0.000E+00 0.000E+00 0.000E+00 0.000E+00 0.000E+00 0.000E+00 0.000E+00 0.000E+00 0.000E+00 0.000E+00
 LA155      0.000E+00 0.000E+00 0.000E+00 0.000E+00 0.000E+00 0.000E+00 0.000E+00 0.000E+00 0.000E+00 0.000E+00
 CE155      0.000E+00 8.393E-12 0.000E+00 0.000E+00 0.000E+00 0.000E+00 0.000E+00 0.000E+00 0.000E+00 0.000E+00
 PR155      0.000E+00 1.702E-09 0.000E+00 0.000E+00 0.000E+00 0.000E+00 0.000E+00 0.000E+00 0.000E+00 0.000E+00
 ND155      0.000E+00 4.328E-08 0.000E+00 0.000E+00 0.000E+00 0.000E+00 0.000E+00 0.000E+00 0.000E+00 0.000E+00
 PM155      0.000E+00 7.991E-08 0.000E+00 0.000E+00 0.000E+00 0.000E+00 0.000E+00 0.000E+00 0.000E+00 0.000E+00
 SM155      0.000E+00 8.588E-08 0.000E+00 0.000E+00 0.000E+00 0.000E+00 0.000E+00 0.000E+00 0.000E+00 0.000E+00
 EU155      0.000E+00 1.283E-10 1.286E-10 1.276E-10 1.261E-10 1.247E-10 1.233E-10 1.219E-10 1.205E-10 1.124E-10
 GD155M     0.000E+00 2.868E-17 0.000E+00 0.000E+00 0.000E+00 0.000E+00 0.000E+00 0.000E+00 0.000E+00 0.000E+00
 GD155      0.000E+00 0.000E+00 0.000E+00 0.000E+00 0.000E+00 0.000E+00 0.000E+00 0.000E+00 0.000E+00 0.000E+00
 CE156      0.000E+00 2.058E-13 0.000E+00 0.000E+00 0.000E+00 0.000E+00 0.000E+00 0.000E+00 0.000E+00 0.000E+00
 PR156      0.000E+00 1.257E-10 0.000E+00 0.000E+00 0.000E+00 0.000E+00 0.000E+00 0.000E+00 0.000E+00 0.000E+00
 ND156      0.000E+00 8.648E-09 0.000E+00 0.000E+00 0.000E+00 0.000E+00 0.000E+00 0.000E+00 0.000E+00 0.000E+00
 PM156      0.000E+00 2.746E-08 0.000E+00 0.000E+00 0.000E+00 0.000E+00 0.000E+00 0.000E+00 0.000E+00 0.000E+00
 SM156      0.000E+00 3.502E-08 7.224E-16 3.069E-31 0.000E+00 0.000E+00 0.000E+00 0.000E+00 0.000E+00 0.000E+00
 EU156      0.000E+00 1.039E-08 7.169E-09 2.877E-09 7.316E-10 1.860E-10 4.729E-11 1.203E-11 3.058E-12 8.262E-16
 GD156      0.000E+00 0.000E+00 0.000E+00 0.000E+00 0.000E+00 0.000E+00 0.000E+00 0.000E+00 0.000E+00 0.000E+00
 CE157      0.000E+00 3.820E-15 0.000E+00 0.000E+00 0.000E+00 0.000E+00 0.000E+00 0.000E+00 0.000E+00 0.000E+00
 PR157      0.000E+00 6.915E-12 0.000E+00 0.000E+00 0.000E+00 0.000E+00 0.000E+00 0.000E+00 0.000E+00 0.000E+00
 ND157      0.000E+00 1.319E-09 0.000E+00 0.000E+00 0.000E+00 0.000E+00 0.000E+00 0.000E+00 0.000E+00 0.000E+00
 PM157      0.000E+00 8.906E-09 0.000E+00 0.000E+00 0.000E+00 0.000E+00 0.000E+00 0.000E+00 0.000E+00 0.000E+00
 SM157      0.000E+00 1.652E-08 0.000E+00 0.000E+00 0.000E+00 0.000E+00 0.000E+00 0.000E+00 0.000E+00 0.000E+00
 EU157      0.000E+00 1.679E-08 2.992E-13 9.326E-23 5.781E-37 0.000E+00 0.000E+00 0.000E+00 0.000E+00 0.000E+00
 GD157      0.000E+00 0.000E+00 0.000E+00 0.000E+00 0.000E+00 0.000E+00 0.000E+00 0.000E+00 0.000E+00 0.000E+00
 PR158      0.000E+00 2.754E-13 0.000E+00 0.000E+00 0.000E+00 0.000E+00 0.000E+00 0.000E+00 0.000E+00 0.000E+00
 ND158      0.000E+00 1.505E-10 0.000E+00 0.000E+00 0.000E+00 0.000E+00 0.000E+00 0.000E+00 0.000E+00 0.000E+00
 PM158      0.000E+00 2.416E-09 0.000E+00 0.000E+00 0.000E+00 0.000E+00 0.000E+00 0.000E+00 0.000E+00 0.000E+00
 SM158      0.000E+00 7.847E-09 0.000E+00 0.000E+00 0.000E+00 0.000E+00 0.000E+00 0.000E+00 0.000E+00 0.000E+00
 EU158      0.000E+00 8.351E-09 0.000E+00 0.000E+00 0.000E+00 0.000E+00 0.000E+00 0.000E+00 0.000E+00 0.000E+00
 GD158      0.000E+00 0.000E+00 0.000E+00 0.000E+00 0.000E+00 0.000E+00 0.000E+00 0.000E+00 0.000E+00 0.000E+00
 PR159      0.000E+00 4.417E-15 0.000E+00 0.000E+00 0.000E+00 0.000E+00 0.000E+00 0.000E+00 0.000E+00 0.000E+00
 ND159      0.000E+00 7.540E-12 0.000E+00 0.000E+00 0.000E+00 0.000E+00 0.000E+00 0.000E+00 0.000E+00 0.000E+00
 PM159      0.000E+00 3.349E-10 0.000E+00 0.000E+00 0.000E+00 0.000E+00 0.000E+00 0.000E+00 0.000E+00 0.000E+00
 EU159      0.000E+00 2.684E-09 0.000E+00 0.000E+00 0.000E+00 0.000E+00 0.000E+00 0.000E+00 0.000E+00 0.000E+00
 GD159      0.000E+00 2.710E-09 3.603E-13 6.139E-21 1.366E-32 0.000E+00 0.000E+00 0.000E+00 0.000E+00 0.000E+00
 TB159      0.000E+00 0.000E+00 0.000E+00 0.000E+00 0.000E+00 0.000E+00 0.000E+00 0.000E+00 0.000E+00 0.000E+00
 ND160      0.000E+00 1.941E-12 0.000E+00 0.000E+00 0.000E+00 0.000E+00 0.000E+00 0.000E+00 0.000E+00 0.000E+00
 PM160      0.000E+00 9.886E-11 0.000E+00 0.000E+00 0.000E+00 0.000E+00 0.000E+00 0.000E+00 0.000E+00 0.000E+00
 SM160      0.000E+00 7.744E-10 0.000E+00 0.000E+00 0.000E+00 0.000E+00 0.000E+00 0.000E+00 0.000E+00 0.000E+00
 EU160      0.000E+00 9.646E-10 0.000E+00 0.000E+00 0.000E+00 0.000E+00 0.000E+00 0.000E+00 0.000E+00 0.000E+00
 GD160      0.000E+00 0.000E+00 0.000E+00 0.000E+00 0.000E+00 0.000E+00 0.000E+00 0.000E+00 0.000E+00 0.000E+00
 TB160      0.000E+00 2.064E-13 1.875E-13 1.548E-13 1.161E-13 8.708E-14 6.531E-14 4.899E-14 3.675E-14 6.543E-15
 DY160      0.000E+00 0.000E+00 0.000E+00 0.000E+00 0.000E+00 0.000E+00 0.000E+00 0.000E+00 0.000E+00 0.000E+00
 ND161      0.000E+00 3.430E-15 0.000E+00 0.000E+00 0.000E+00 0.000E+00 0.000E+00 0.000E+00 0.000E+00 0.000E+00
 PM161      0.000E+00 1.456E-12 0.000E+00 0.000E+00 0.000E+00 0.000E+00 0.000E+00 0.000E+00 0.000E+00 0.000E+00
 SM161      0.000E+00 7.213E-11 0.000E+00 0.000E+00 0.000E+00 0.000E+00 0.000E+00 0.000E+00 0.000E+00 0.000E+00
 EU161      0.000E+00 1.924E-10 0.000E+00 0.000E+00 0.000E+00 0.000E+00 0.000E+00 0.000E+00 0.000E+00 0.000E+00
 GD161      0.000E+00 2.274E-10 0.000E+00 0.000E+00 0.000E+00 0.000E+00 0.000E+00 0.000E+00 0.000E+00 0.000E+00
 TB161      0.000E+00 8.018E-11 2.949E-11 3.978E-12 1.971E-13 9.763E-15 4.832E-16 2.350E-17 2.153E-18 3.184E-26
 DY161      0.000E+00 0.000E+00 0.000E+00 0.000E+00 0.000E+00 0.000E+00 0.000E+00 0.000E+00 0.000E+00 0.000E+00
 PM162      0.000E+00 5.820E-14 0.000E+00 0.000E+00 0.000E+00 0.000E+00 0.000E+00 0.000E+00 0.000E+00 0.000E+00
 SM162      0.000E+00 8.321E-12 0.000E+00 0.000E+00 0.000E+00 0.000E+00 0.000E+00 0.000E+00 0.000E+00 0.000E+00
 EU162      0.000E+00 4.522E-11 0.000E+00 0.000E+00 0.000E+00 0.000E+00 0.000E+00 0.000E+00 0.000E+00 0.000E+00
 GD162      0.000E+00 7.399E-11 0.000E+00 0.000E+00 0.000E+00 0.000E+00 0.000E+00 0.000E+00 0.000E+00 0.000E+00
 TB162      0.000E+00 7.290E-11 0.000E+00 0.000E+00 0.000E+00 0.000E+00 0.000E+00 0.000E+00 0.000E+00 0.000E+00
 TB162M     0.000E+00 1.867E-12 0.000E+00 0.000E+00 0.000E+00 0.000E+00 0.000E+00 0.000E+00 0.000E+00 0.000E+00
 DY162      0.000E+00 0.000E+00 0.000E+00 0.000E+00 0.000E+00 0.000E+00 0.000E+00 0.000E+00 0.000E+00 0.000E+00
 SM163      0.000E+00 6.366E-13 0.000E+00 0.000E+00 0.000E+00 0.000E+00 0.000E+00 0.000E+00 0.000E+00 0.000E+00
 EU163      0.000E+00 8.561E-12 0.000E+00 0.000E+00 0.000E+00 0.000E+00 0.000E+00 0.000E+00 0.000E+00 0.000E+00
 GD163      0.000E+00 2.449E-11 0.000E+00 0.000E+00 0.000E+00 0.000E+00 0.000E+00 0.000E+00 0.000E+00 0.000E+00
 TB163      0.000E+00 2.573E-11 0.000E+00 0.000E+00 0.000E+00 0.000E+00 0.000E+00 0.000E+00 0.000E+00 0.000E+00
 TB163M     0.000E+00 0.000E+00 0.000E+00 0.000E+00 0.000E+00 0.000E+00 0.000E+00 0.000E+00 0.000E+00 0.000E+00
 DY163      0.000E+00 0.000E+00 0.000E+00 0.000E+00 0.000E+00 0.000E+00 0.000E+00 0.000E+00 0.000E+00 0.000E+00
 SM164      0.000E+00 2.624E-14 0.000E+00 0.000E+00 0.000E+00 0.000E+00 0.000E+00 0.000E+00 0.000E+00 0.000E+00
 EU164      0.000E+00 9.876E-13 0.000E+00 0.000E+00 0.000E+00 0.000E+00 0.000E+00 0.000E+00 0.000E+00 0.000E+00
 GD164      0.000E+00 6.080E-12 0.000E+00 0.000E+00 0.000E+00 0.000E+00 0.000E+00 0.000E+00 0.000E+00 0.000E+00
 TB164      0.000E+00 7.164E-12 0.000E+00 0.000E+00 0.000E+00 0.000E+00 0.000E+00 0.000E+00 0.000E+00 0.000E+00
 DY164      0.000E+00 0.000E+00 0.000E+00 0.000E+00 0.000E+00 0.000E+00 0.000E+00 0.000E+00 0.000E+00 0.000E+00
 SM165      0.000E+00 1.302E-15 0.000E+00 0.000E+00 0.000E+00 0.000E+00 0.000E+00 0.000E+00 0.000E+00 0.000E+00
 EU165      0.000E+00 1.476E-13 0.000E+00 0.000E+00 0.000E+00 0.000E+00 0.000E+00 0.000E+00 0.000E+00 0.000E+00
 GD165      0.000E+00 2.250E-12 0.000E+00 0.000E+00 0.000E+00 0.000E+00 0.000E+00 0.000E+00 0.000E+00 0.000E+00
 TB165      0.000E+00 3.432E-12 0.000E+00 0.000E+00 0.000E+00 0.000E+00 0.000E+00 0.000E+00 0.000E+00 0.000E+00
 DY165      0.000E+00 4.887E-12 0.000E+00 0.000E+00 0.000E+00 0.000E+00 0.000E+00 0.000E+00 0.000E+00 0.000E+00
 DY165M     0.000E+00 2.686E-12 0.000E+00 0.000E+00 0.000E+00 0.000E+00 0.000E+00 0.000E+00 0.000E+00 0.000E+00
 HO165      0.000E+00 0.000E+00 0.000E+00 0.000E+00 0.000E+00 0.000E+00 0.000E+00 0.000E+00 0.000E+00 0.000E+00
 DY166      0.000E+00 8.637E-13 1.122E-13 1.891E-15 5.115E-18 1.808E-18 0.000E+00 0.000E+00 0.000E+00 0.000E+00
 HO166      0.000E+00 8.906E-13 1.663E-13 2.820E-15 7.144E-18 1.814E-18 5.902E-21 4.827E-29 3.279E-37 0.000E+00
 HO166M     0.000E+00 1.616E-20 1.616E-20 1.616E-20 1.616E-20 1.616E-20 1.616E-20 1.616E-20 1.616E-20 1.616E-20
 ER166      0.000E+00 0.000E+00 0.000E+00 0.000E+00 0.000E+00 0.000E+00 0.000E+00 0.000E+00 0.000E+00 0.000E+00
 ER167      0.000E+00 0.000E+00 0.000E+00 0.000E+00 0.000E+00 0.000E+00 0.000E+00 0.000E+00 0.000E+00 0.000E+00
 ER167M     0.000E+00 1.006E-15 0.000E+00 0.000E+00 0.000E+00 0.000E+00 0.000E+00 0.000E+00 0.000E+00 0.000E+00
 ER168      0.000E+00 0.000E+00 0.000E+00 0.000E+00 0.000E+00 0.000E+00 0.000E+00 0.000E+00 0.000E+00 0.000E+00
 YB168      0.000E+00 0.000E+00 0.000E+00 0.000E+00 0.000E+00 0.000E+00 0.000E+00 0.000E+00 0.000E+00 0.000E+00
 TM169      0.000E+00 0.000E+00 0.000E+00 0.000E+00 0.000E+00 0.000E+00 0.000E+00 0.000E+00 0.000E+00 0.000E+00
 YB169      0.000E+00 0.000E+00 0.000E+00 0.000E+00 0.000E+00 0.000E+00 0.000E+00 0.000E+00 0.000E+00 0.000E+00
 ER170      0.000E+00 0.000E+00 0.000E+00 0.000E+00 0.000E+00 0.000E+00 0.000E+00 0.000E+00 0.000E+00 0.000E+00
 TM170      0.000E+00 0.000E+00 0.000E+00 0.000E+00 0.000E+00 0.000E+00 0.000E+00 0.000E+00 0.000E+00 0.000E+00
 TM170M     0.000E+00 0.000E+00 0.000E+00 0.000E+00 0.000E+00 0.000E+00 0.000E+00 0.000E+00 0.000E+00 0.000E+00
 YB170      0.000E+00 0.000E+00 0.000E+00 0.000E+00 0.000E+00 0.000E+00 0.000E+00 0.000E+00 0.000E+00 0.000E+00
 ER171      0.000E+00 0.000E+00 0.000E+00 0.000E+00 0.000E+00 0.000E+00 0.000E+00 0.000E+00 0.000E+00 0.000E+00
 TM171      0.000E+00 0.000E+00 0.000E+00 0.000E+00 0.000E+00 0.000E+00 0.000E+00 0.000E+00 0.000E+00 0.000E+00
 YB171      0.000E+00 0.000E+00 0.000E+00 0.000E+00 0.000E+00 0.000E+00 0.000E+00 0.000E+00 0.000E+00 0.000E+00
 ER172      0.000E+00 0.000E+00 0.000E+00 0.000E+00 0.000E+00 0.000E+00 0.000E+00 0.000E+00 0.000E+00 0.000E+00
 TM172      0.000E+00 0.000E+00 0.000E+00 0.000E+00 0.000E+00 0.000E+00 0.000E+00 0.000E+00 0.000E+00 0.000E+00
 YB172      0.000E+00 0.000E+00 0.000E+00 0.000E+00 0.000E+00 0.000E+00 0.000E+00 0.000E+00 0.000E+00 0.000E+00
 TOTAL      0.000E+00 1.309E-03 2.058E-05 7.380E-06 3.541E-06 2.253E-06 1.592E-06 1.176E-06 8.924E-07 2.674E-07
