### energy/keV  | branch/%  |   livetime/s   |   background  
80.12	1.36407       100.     800
133.515	11.09         100.     800
724.192	44.27         100.     800
756.725	54.38         100.     800
1204.77	0.26          100.     800
908.96	0.955         100.     800
610.333	5.7603       100.     800.
497.085	91           100.     800.
765.803	99.808      100.     800.
145.4433	48.29   100.     800.
742.1	0.0000012   100.     800.
423.722	3.151188    100.     800.
304.849	4.29264     100.     800.
162.66	6.21945    100.     800. 
537.261	24.39      100.     800.
111.76	1.7424     100.     800.
116.3	1.9624     100.     800.
228.16	88         100.     800.
777.921	4.30326    100.     800.
140.511	4.5362       100.     800
181.068	6.14226      100.     800
739.5	12.26        100.     800
285.95	3.1          100.     800
751.637	4.33116      100.     800
867.846	5.50458      100.     800
925.189	6.89742     100.     800.
328.762	20.3202     100.     800.
815.772	23.2776     100.     800.
487.021	45.5058     100.     800.
1596.21	95.4        100.     800.
350.619	3.2314      100.     800.
721.929	5.3928         100.     800.
664.571	5.6924         100.     800.
293.266	42.8           100.     800.
355.4	2.094525       100.     800.
1147.97	2.615829       100.     800.
507.64	5.02686        100.     800.
1917.8	1.545         100.     800. 
947.1	2.0925        100.     800.
266.9	7.32          100.     800.
652.3	2.9815        100.     800.
925.8	3.8525        100.     800.
652.9	8.04          100.     800.
749.8	23.6845         100.     800
1024.3	33.5            100.     800
140.511	88.99671        100.     800
1354.52	1.64            100.     800
448.5	2.3352          100.     800
561.1	2.4047          100.     800
1405.4	4.7816         100.     800.
934.47	13.9           100.     800.
430.49	3.276          100.     800.
953.31	3.519          100.     800.
1383.93	90             100.     800.
1901.3	7.1574         100.     800.
894.9	8.3424           100.     800.
2542.7	10.0014          100.     800.
2397.8	13.272           100.     800.
641.285	47.4             100.     800.
165.8575	23.76           100.     800.
1024.4	1.090353            100.     800.
657.94	98.23               100.     800.
1365.18    3.016991         100.     800.
563.246    8.337975         100.     800.
801.953    8.68797	        100.     800.
569.331    15.37295        100.     800. 
795.864    85.45974        100.     800.
604.721    97.61971        100.     800.
661.6      85.1            100.     800.
340.476   4.45             100.     800.
300.129   6.63             100.     800.
311.904   38.5               100.     800
