9103.85
863.416
800.168
676.147
208209
44883
5305.43
279.625
372.127
201.29
3.01385e+010
6972.97
3767.17
1625.28
1119.1
5591.49
4915.05
142.771
8746
2126.34
1738.94
2941.17
4920.72
8441.07
7492.98
6306.26
853.39
1682.68
548.868
721.876
5698.36
6551.18
5781.24
364.673
8903.32
19879.6
5159.35
52731.2
21194
1959.42
10861.4
11296.7
4030.97
1540.42
1412.48
108.38
36427.1
9917.48
11799.3
12892.8
3155.26
6806.58
12671
676.03
11289.7
5071.94
10866.9
7683.22
673.174
429.206
43400.4
332.132
19933.7
3414.54
4444.26
1869.74
448.928
310.535
385.218
4026.04
2404.41
428.973
