455.192
43.1708
40.0084
33.8074
10410.5
2244.15
265.272
13.9812
18.6064
10.0645
1.50693e+009
348.648
188.359
81.2639
55.955
279.574
245.752
7.13857
437.3
106.317
86.9468
147.058
246.036
422.054
374.649
315.313
42.6695
84.134
27.4434
36.0938
284.918
327.559
289.062
18.2336
445.166
993.98
257.967
2636.56
1059.7
97.9712
543.069
564.837
201.548
77.0208
70.6238
5.41902
1821.36
495.874
589.967
644.641
157.763
340.329
633.548
33.8015
564.485
253.597
543.345
384.161
33.6587
21.4603
2170.02
16.6066
996.686
170.727
222.213
93.4868
22.4464
15.5268
19.2609
201.302
120.221
21.4487
