
  H  3      0.000E+00 1.989E-07 1.986E-07 1.983E-07 1.980E-07
 LI  6      0.000E+00 0.000E+00 0.000E+00 0.000E+00 0.000E+00
 LI  7      0.000E+00 0.000E+00 0.000E+00 0.000E+00 0.000E+00
 BE  9      0.000E+00 0.000E+00 0.000E+00 0.000E+00 0.000E+00
 BE 10      0.000E+00 1.258E-15 1.258E-15 1.258E-15 1.258E-15
  C 14      0.000E+00 5.074E-14 5.074E-14 5.074E-14 5.074E-14
 NI 66      0.000E+00 0.000E+00 0.000E+00 0.000E+00 0.000E+00
 CU 66      0.000E+00 3.257E-12 0.000E+00 0.000E+00 0.000E+00
 ZN 66      0.000E+00 0.000E+00 0.000E+00 0.000E+00 0.000E+00
 CU 67      0.000E+00 0.000E+00 0.000E+00 0.000E+00 0.000E+00
 ZN 67      0.000E+00 0.000E+00 0.000E+00 0.000E+00 0.000E+00
 ZN 68      0.000E+00 0.000E+00 0.000E+00 0.000E+00 0.000E+00
 ZN 69      0.000E+00 1.782E-23 7.231E-30 4.162E-35 0.000E+00
 ZN 69M     0.000E+00 1.198E-24 6.733E-30 3.799E-35 0.000E+00
 GA 69      0.000E+00 0.000E+00 0.000E+00 0.000E+00 0.000E+00
 ZN 70      0.000E+00 0.000E+00 0.000E+00 0.000E+00 0.000E+00
 GA 70      0.000E+00 0.000E+00 0.000E+00 0.000E+00 0.000E+00
 GE 70      0.000E+00 0.000E+00 0.000E+00 0.000E+00 0.000E+00
 ZN 71      0.000E+00 0.000E+00 0.000E+00 0.000E+00 0.000E+00
 ZN 71M     0.000E+00 0.000E+00 0.000E+00 0.000E+00 0.000E+00
 GA 71      0.000E+00 0.000E+00 0.000E+00 0.000E+00 0.000E+00
 GE 71      0.000E+00 0.000E+00 0.000E+00 0.000E+00 0.000E+00
 GE 71M     0.000E+00 0.000E+00 0.000E+00 0.000E+00 0.000E+00
 CO 72      0.000E+00 5.675E-09 0.000E+00 0.000E+00 0.000E+00
 NI 72      0.000E+00 1.880E-07 0.000E+00 0.000E+00 0.000E+00
 CU 72      0.000E+00 4.030E-07 0.000E+00 0.000E+00 0.000E+00
 ZN 72      0.000E+00 4.457E-07 1.246E-08 3.481E-10 9.727E-12
 GA 72      0.000E+00 4.460E-07 1.788E-08 4.997E-10 1.396E-11
 GE 72      0.000E+00 0.000E+00 0.000E+00 0.000E+00 0.000E+00
 CO 73      0.000E+00 5.803E-10 0.000E+00 0.000E+00 0.000E+00
 NI 73      0.000E+00 9.591E-08 0.000E+00 0.000E+00 0.000E+00
 CU 73      0.000E+00 7.268E-07 0.000E+00 0.000E+00 0.000E+00
 ZN 73      0.000E+00 1.546E-06 0.000E+00 0.000E+00 0.000E+00
 GA 73      0.000E+00 1.590E-06 2.505E-21 3.601E-36 0.000E+00
 GE 73      0.000E+00 0.000E+00 0.000E+00 0.000E+00 0.000E+00
 GE 73M     0.000E+00 1.590E-06 2.505E-21 0.000E+00 0.000E+00
 CO 74      0.000E+00 4.683E-10 0.000E+00 0.000E+00 0.000E+00
 NI 74      0.000E+00 1.553E-07 0.000E+00 0.000E+00 0.000E+00
 CU 74      0.000E+00 1.633E-06 0.000E+00 0.000E+00 0.000E+00
 ZN 74      0.000E+00 3.949E-06 0.000E+00 0.000E+00 0.000E+00
 GA 74      0.000E+00 4.089E-06 0.000E+00 0.000E+00 0.000E+00
 GE 74      0.000E+00 0.000E+00 0.000E+00 0.000E+00 0.000E+00
 CO 75      0.000E+00 6.155E-11 0.000E+00 0.000E+00 0.000E+00
 NI 75      0.000E+00 6.366E-08 0.000E+00 0.000E+00 0.000E+00
 CU 75      0.000E+00 1.798E-06 0.000E+00 0.000E+00 0.000E+00
 ZN 75      0.000E+00 8.771E-06 0.000E+00 0.000E+00 0.000E+00
 GA 75      0.000E+00 9.917E-06 0.000E+00 0.000E+00 0.000E+00
 GE 75      0.000E+00 9.943E-06 0.000E+00 0.000E+00 0.000E+00
 GE 75M     0.000E+00 4.098E-07 0.000E+00 0.000E+00 0.000E+00
 AS 75      0.000E+00 0.000E+00 0.000E+00 0.000E+00 0.000E+00
 NI 76      0.000E+00 2.086E-08 0.000E+00 0.000E+00 0.000E+00
 CU 76      0.000E+00 1.748E-06 0.000E+00 0.000E+00 0.000E+00

 ZN 76      0.000E+00 2.062E-05 0.000E+00 0.000E+00 0.000E+00
 GA 76      0.000E+00 2.881E-05 0.000E+00 0.000E+00 0.000E+00
 GE 76      0.000E+00 0.000E+00 0.000E+00 0.000E+00 0.000E+00
 AS 76      0.000E+00 1.841E-09 3.319E-12 5.960E-15 1.664E-17
 SE 76      0.000E+00 0.000E+00 0.000E+00 0.000E+00 0.000E+00
 NI 77      0.000E+00 2.886E-09 0.000E+00 0.000E+00 0.000E+00
 CU 77      0.000E+00 7.515E-07 0.000E+00 0.000E+00 0.000E+00
 ZN 77      0.000E+00 2.391E-05 0.000E+00 0.000E+00 0.000E+00
 GA 77      0.000E+00 5.795E-05 0.000E+00 0.000E+00 0.000E+00
 GE 77      0.000E+00 2.271E-05 9.186E-12 3.712E-18 1.500E-24
 GE 77M     0.000E+00 5.405E-05 0.000E+00 0.000E+00 0.000E+00
 AS 77      0.000E+00 6.550E-05 1.029E-06 1.415E-08 1.945E-10
 SE 77      0.000E+00 0.000E+00 0.000E+00 0.000E+00 0.000E+00
 SE 77M     0.000E+00 1.624E-07 2.553E-09 3.509E-11 4.824E-13
 NI 78      0.000E+00 3.237E-10 0.000E+00 0.000E+00 0.000E+00
 CU 78      0.000E+00 2.850E-07 0.000E+00 0.000E+00 0.000E+00
 ZN 78      0.000E+00 2.748E-05 0.000E+00 0.000E+00 0.000E+00
 GA 78      0.000E+00 1.183E-04 0.000E+00 0.000E+00 0.000E+00
 GE 78      0.000E+00 1.313E-04 0.000E+00 0.000E+00 0.000E+00
 AS 78      0.000E+00 1.327E-04 0.000E+00 0.000E+00 0.000E+00
 SE 78      0.000E+00 0.000E+00 0.000E+00 0.000E+00 0.000E+00
 CU 79      0.000E+00 3.314E-08 0.000E+00 0.000E+00 0.000E+00
 ZN 79      0.000E+00 1.059E-05 0.000E+00 0.000E+00 0.000E+00
 GA 79      0.000E+00 1.078E-04 0.000E+00 0.000E+00 0.000E+00
 GE 79      0.000E+00 2.791E-04 0.000E+00 0.000E+00 0.000E+00
 AS 79      0.000E+00 3.393E-04 0.000E+00 0.000E+00 0.000E+00
 SE 79      0.000E+00 1.825E-10 1.826E-10 1.826E-10 1.826E-10
 SE 79M     0.000E+00 3.393E-04 0.000E+00 0.000E+00 0.000E+00
 BR 79      0.000E+00 0.000E+00 0.000E+00 0.000E+00 0.000E+00
 BR 79M     0.000E+00 9.021E-12 0.000E+00 0.000E+00 0.000E+00
 KR 79      0.000E+00 8.795E-18 4.596E-18 0.000E+00 0.000E+00
 CU 80      0.000E+00 4.498E-09 0.000E+00 0.000E+00 0.000E+00
 ZN 80      0.000E+00 4.835E-06 0.000E+00 0.000E+00 0.000E+00
 GA 80      0.000E+00 1.411E-04 0.000E+00 0.000E+00 0.000E+00
 GE 80      0.000E+00 7.080E-04 0.000E+00 0.000E+00 0.000E+00
 AS 80      0.000E+00 8.034E-04 0.000E+00 0.000E+00 0.000E+00
 SE 80      0.000E+00 0.000E+00 0.000E+00 0.000E+00 0.000E+00
 BR 80      0.000E+00 4.255E-09 8.797E-26 0.000E+00 0.000E+00
 BR 80M     0.000E+00 1.830E-09 8.220E-26 0.000E+00 0.000E+00
 KR 80      0.000E+00 0.000E+00 0.000E+00 0.000E+00 0.000E+00
 CU 81      0.000E+00 2.348E-10 0.000E+00 0.000E+00 0.000E+00
 ZN 81      0.000E+00 8.448E-07 0.000E+00 0.000E+00 0.000E+00
 GA 81      0.000E+00 7.506E-05 0.000E+00 0.000E+00 0.000E+00
 GE 81      0.000E+00 9.260E-04 0.000E+00 0.000E+00 0.000E+00
 AS 81      0.000E+00 1.309E-03 0.000E+00 0.000E+00 0.000E+00
 SE 81      0.000E+00 1.366E-03 0.000E+00 0.000E+00 0.000E+00
 SE 81M     0.000E+00 4.383E-05 0.000E+00 0.000E+00 0.000E+00
 BR 81      0.000E+00 0.000E+00 0.000E+00 0.000E+00 0.000E+00
 KR 81      0.000E+00 1.904E-18 1.904E-18 1.904E-18 1.904E-18
 KR 81M     0.000E+00 5.824E-12 0.000E+00 0.000E+00 0.000E+00
 ZN 82      0.000E+00 8.509E-08 0.000E+00 0.000E+00 0.000E+00
 GA 82      0.000E+00 2.465E-05 0.000E+00 0.000E+00 0.000E+00

 GE 82      0.000E+00 8.628E-04 0.000E+00 0.000E+00 0.000E+00
 AS 82      0.000E+00 1.387E-03 0.000E+00 0.000E+00 0.000E+00
 AS 82M     0.000E+00 5.214E-04 0.000E+00 0.000E+00 0.000E+00
 SE 82      0.000E+00 0.000E+00 0.000E+00 0.000E+00 0.000E+00
 BR 82      0.000E+00 9.889E-07 8.902E-09 8.001E-11 7.191E-13
 BR 82M     0.000E+00 5.335E-07 0.000E+00 0.000E+00 0.000E+00
 KR 82      0.000E+00 0.000E+00 0.000E+00 0.000E+00 0.000E+00
 ZN 83      0.000E+00 6.526E-09 0.000E+00 0.000E+00 0.000E+00
 GA 83      0.000E+00 6.110E-06 0.000E+00 0.000E+00 0.000E+00
 GE 83      0.000E+00 6.293E-04 0.000E+00 0.000E+00 0.000E+00
 AS 83      0.000E+00 2.700E-03 0.000E+00 0.000E+00 0.000E+00
 SE 83      0.000E+00 1.284E-03 0.000E+00 0.000E+00 0.000E+00
 SE 83M     0.000E+00 2.138E-03 0.000E+00 0.000E+00 0.000E+00
 BR 83      0.000E+00 3.445E-03 0.000E+00 0.000E+00 0.000E+00
 KR 83      0.000E+00 0.000E+00 0.000E+00 0.000E+00 0.000E+00
 KR 83M     0.000E+00 3.444E-03 0.000E+00 0.000E+00 0.000E+00
 GA 84      0.000E+00 3.513E-07 0.000E+00 0.000E+00 0.000E+00
 GE 84      0.000E+00 1.226E-04 0.000E+00 0.000E+00 0.000E+00
 AS 84      0.000E+00 2.030E-03 0.000E+00 0.000E+00 0.000E+00
 SE 84      0.000E+00 6.362E-03 0.000E+00 0.000E+00 0.000E+00
 BR 84      0.000E+00 6.477E-03 0.000E+00 0.000E+00 0.000E+00
 BR 84M     0.000E+00 1.216E-04 0.000E+00 0.000E+00 0.000E+00
 KR 84      0.000E+00 0.000E+00 0.000E+00 0.000E+00 0.000E+00
 GA 85      0.000E+00 0.000E+00 0.000E+00 0.000E+00 0.000E+00
 GE 85      0.000E+00 4.120E-05 0.000E+00 0.000E+00 0.000E+00
 AS 85      0.000E+00 1.327E-03 0.000E+00 0.000E+00 0.000E+00
 SE 85      0.000E+00 4.033E-03 0.000E+00 0.000E+00 0.000E+00
 SE 85M     0.000E+00 2.943E-03 0.000E+00 0.000E+00 0.000E+00
 BR 85      0.000E+00 8.057E-03 0.000E+00 0.000E+00 0.000E+00
 KR 85      0.000E+00 5.558E-06 5.631E-06 5.621E-06 5.611E-06
 KR 85M     0.000E+00 8.145E-03 6.189E-19 4.608E-35 0.000E+00
 RB 85      0.000E+00 0.000E+00 0.000E+00 0.000E+00 0.000E+00
 GE 86      0.000E+00 7.294E-06 0.000E+00 0.000E+00 0.000E+00
 AS 86      0.000E+00 7.303E-04 0.000E+00 0.000E+00 0.000E+00
 SE 86      0.000E+00 8.444E-03 0.000E+00 0.000E+00 0.000E+00
 BR 86      0.000E+00 6.102E-03 0.000E+00 0.000E+00 0.000E+00
 BR 86M     0.000E+00 6.154E-03 0.000E+00 0.000E+00 0.000E+00
 KR 86      0.000E+00 0.000E+00 0.000E+00 0.000E+00 0.000E+00
 RB 86      0.000E+00 2.687E-07 1.854E-07 1.278E-07 8.817E-08
 RB 86M     0.000E+00 3.588E-07 0.000E+00 0.000E+00 0.000E+00
 SR 86      0.000E+00 0.000E+00 0.000E+00 0.000E+00 0.000E+00
 GE 87      0.000E+00 1.171E-06 0.000E+00 0.000E+00 0.000E+00
 AS 87      0.000E+00 4.132E-04 0.000E+00 0.000E+00 0.000E+00
 SE 87      0.000E+00 6.261E-03 0.000E+00 0.000E+00 0.000E+00
 BR 87      0.000E+00 1.387E-02 0.000E+00 0.000E+00 0.000E+00
 KR 87      0.000E+00 1.648E-02 0.000E+00 0.000E+00 0.000E+00
 RB 87      0.000E+00 1.223E-14 1.228E-14 1.228E-14 1.228E-14
 SR 87      0.000E+00 0.000E+00 0.000E+00 0.000E+00 0.000E+00
 SR 87M     0.000E+00 6.277E-09 0.000E+00 0.000E+00 0.000E+00
 GE 88      0.000E+00 1.331E-08 0.000E+00 0.000E+00 0.000E+00
 AS 88      0.000E+00 1.684E-05 0.000E+00 0.000E+00 0.000E+00
 SE 88      0.000E+00 2.288E-03 0.000E+00 0.000E+00 0.000E+00

 BR 88      0.000E+00 1.600E-02 0.000E+00 0.000E+00 0.000E+00
 KR 88      0.000E+00 2.328E-02 0.000E+00 0.000E+00 0.000E+00
 RB 88      0.000E+00 2.348E-02 0.000E+00 0.000E+00 0.000E+00
 SR 88      0.000E+00 0.000E+00 0.000E+00 0.000E+00 0.000E+00
 AS 89      0.000E+00 1.324E-06 0.000E+00 0.000E+00 0.000E+00
 SE 89      0.000E+00 5.944E-04 0.000E+00 0.000E+00 0.000E+00
 BR 89      0.000E+00 1.208E-02 0.000E+00 0.000E+00 0.000E+00
 KR 89      0.000E+00 2.955E-02 0.000E+00 0.000E+00 0.000E+00
 RB 89      0.000E+00 3.064E-02 0.000E+00 0.000E+00 0.000E+00
 SR 89      0.000E+00 6.841E-03 5.970E-03 5.204E-03 4.537E-03
  Y 89      0.000E+00 0.000E+00 0.000E+00 0.000E+00 0.000E+00
  Y 89M     0.000E+00 1.817E-09 0.000E+00 0.000E+00 0.000E+00
 AS 90      0.000E+00 0.000E+00 0.000E+00 0.000E+00 0.000E+00
 SE 90      0.000E+00 2.060E-04 0.000E+00 0.000E+00 0.000E+00
 BR 90      0.000E+00 8.140E-03 0.000E+00 0.000E+00 0.000E+00
 KR 90      0.000E+00 2.941E-02 0.000E+00 0.000E+00 0.000E+00
 RB 90      0.000E+00 3.042E-02 0.000E+00 0.000E+00 0.000E+00
 RB 90M     0.000E+00 6.327E-03 0.000E+00 0.000E+00 0.000E+00
 SR 90      0.000E+00 4.396E-05 4.394E-05 4.391E-05 4.388E-05
  Y 90      0.000E+00 3.640E-05 4.339E-05 4.388E-05 4.389E-05
  Y 90M     0.000E+00 7.935E-08 0.000E+00 0.000E+00 0.000E+00
 ZR 90      0.000E+00 0.000E+00 0.000E+00 0.000E+00 0.000E+00
 ZR 90M     0.000E+00 6.398E-12 0.000E+00 0.000E+00 0.000E+00
 SE 91      0.000E+00 2.060E-05 0.000E+00 0.000E+00 0.000E+00
 BR 91      0.000E+00 2.522E-03 0.000E+00 0.000E+00 0.000E+00
 KR 91      0.000E+00 2.170E-02 0.000E+00 0.000E+00 0.000E+00
 RB 91      0.000E+00 3.597E-02 0.000E+00 0.000E+00 0.000E+00
 SR 91      0.000E+00 3.744E-02 9.314E-10 2.313E-17 5.744E-25
  Y 91      0.000E+00 7.101E-03 6.546E-03 5.815E-03 5.165E-03
  Y 91M     0.000E+00 2.172E-02 5.918E-10 1.470E-17 3.650E-25
 ZR 91      0.000E+00 0.000E+00 0.000E+00 0.000E+00 0.000E+00
 NB 91      0.000E+00 0.000E+00 0.000E+00 0.000E+00 0.000E+00
 SE 92      0.000E+00 3.052E-07 0.000E+00 0.000E+00 0.000E+00
 BR 92      0.000E+00 1.212E-04 0.000E+00 0.000E+00 0.000E+00
 KR 92      0.000E+00 9.495E-03 0.000E+00 0.000E+00 0.000E+00
 RB 92      0.000E+00 3.045E-02 0.000E+00 0.000E+00 0.000E+00
 SR 92      0.000E+00 3.836E-02 0.000E+00 0.000E+00 0.000E+00
  Y 92      0.000E+00 3.843E-02 6.301E-22 0.000E+00 0.000E+00
 ZR 92      0.000E+00 0.000E+00 0.000E+00 0.000E+00 0.000E+00
 NB 92      0.000E+00 0.000E+00 0.000E+00 0.000E+00 0.000E+00
 SE 93      0.000E+00 0.000E+00 0.000E+00 0.000E+00 0.000E+00
 BR 93      0.000E+00 3.013E-05 0.000E+00 0.000E+00 0.000E+00
 KR 93      0.000E+00 3.229E-03 0.000E+00 0.000E+00 0.000E+00
 RB 93      0.000E+00 2.258E-02 0.000E+00 0.000E+00 0.000E+00
 SR 93      0.000E+00 4.074E-02 0.000E+00 0.000E+00 0.000E+00
  Y 93      0.000E+00 4.137E-02 2.943E-09 2.068E-16 1.454E-23
 ZR 93      0.000E+00 9.135E-10 9.450E-10 9.450E-10 9.450E-10
 NB 93      0.000E+00 0.000E+00 0.000E+00 0.000E+00 0.000E+00
 NB 93M     0.000E+00 1.267E-12 2.517E-12 3.766E-12 5.012E-12
 BR 94      0.000E+00 2.092E-06 0.000E+00 0.000E+00 0.000E+00
 KR 94      0.000E+00 1.454E-03 0.000E+00 0.000E+00 0.000E+00
 RB 94      0.000E+00 1.131E-02 0.000E+00 0.000E+00 0.000E+00

 SR 94      0.000E+00 3.766E-02 0.000E+00 0.000E+00 0.000E+00
  Y 94      0.000E+00 3.991E-02 0.000E+00 0.000E+00 0.000E+00
 ZR 94      0.000E+00 0.000E+00 0.000E+00 0.000E+00 0.000E+00
 NB 94      0.000E+00 9.591E-15 9.593E-15 9.593E-15 9.593E-15
 NB 94M     0.000E+00 2.802E-09 0.000E+00 0.000E+00 0.000E+00
 BR 95      0.000E+00 4.690E-08 0.000E+00 0.000E+00 0.000E+00
 KR 95      0.000E+00 6.531E-05 0.000E+00 0.000E+00 0.000E+00
 RB 95      0.000E+00 5.798E-03 0.000E+00 0.000E+00 0.000E+00
 SR 95      0.000E+00 3.479E-02 0.000E+00 0.000E+00 0.000E+00
  Y 95      0.000E+00 4.085E-02 0.000E+00 0.000E+00 0.000E+00
 ZR 95      0.000E+00 7.420E-03 6.662E-03 5.978E-03 5.364E-03
 NB 95      0.000E+00 1.232E-03 2.268E-03 2.990E-03 3.468E-03
 NB 95M     0.000E+00 3.917E-05 4.709E-05 4.401E-05 3.975E-05
 MO 95      0.000E+00 0.000E+00 0.000E+00 0.000E+00 0.000E+00
 BR 96      0.000E+00 2.137E-09 0.000E+00 0.000E+00 0.000E+00
 KR 96      0.000E+00 1.069E-05 0.000E+00 0.000E+00 0.000E+00
 RB 96      0.000E+00 1.290E-03 0.000E+00 0.000E+00 0.000E+00
 SR 96      0.000E+00 2.408E-02 0.000E+00 0.000E+00 0.000E+00
  Y 96      0.000E+00 3.842E-02 0.000E+00 0.000E+00 0.000E+00
 ZR 96      0.000E+00 0.000E+00 0.000E+00 0.000E+00 0.000E+00
 NB 96      0.000E+00 3.881E-06 3.125E-09 2.516E-12 2.026E-15
 MO 96      0.000E+00 0.000E+00 0.000E+00 0.000E+00 0.000E+00
 KR 97      0.000E+00 2.598E-07 0.000E+00 0.000E+00 0.000E+00
 RB 97      0.000E+00 2.331E-04 0.000E+00 0.000E+00 0.000E+00
 SR 97      0.000E+00 1.235E-02 0.000E+00 0.000E+00 0.000E+00
  Y 97      0.000E+00 3.232E-02 0.000E+00 0.000E+00 0.000E+00
 ZR 97      0.000E+00 3.751E-02 1.991E-06 1.057E-10 5.613E-15
 NB 97      0.000E+00 3.766E-02 2.146E-06 1.139E-10 6.048E-15
 NB 97M     0.000E+00 3.554E-02 1.886E-06 1.001E-10 5.317E-15
 MO 97      0.000E+00 0.000E+00 0.000E+00 0.000E+00 0.000E+00
 KR 98      0.000E+00 2.713E-08 0.000E+00 0.000E+00 0.000E+00
 RB 98      0.000E+00 3.368E-05 0.000E+00 0.000E+00 0.000E+00
 SR 98      0.000E+00 4.492E-03 0.000E+00 0.000E+00 0.000E+00
  Y 98      0.000E+00 2.315E-02 0.000E+00 0.000E+00 0.000E+00
 ZR 98      0.000E+00 3.697E-02 0.000E+00 0.000E+00 0.000E+00
 NB 98      0.000E+00 3.725E-02 0.000E+00 0.000E+00 0.000E+00
 NB 98M     0.000E+00 1.740E-04 0.000E+00 0.000E+00 0.000E+00
 MO 98      0.000E+00 0.000E+00 0.000E+00 0.000E+00 0.000E+00
 TC 98      0.000E+00 2.364E-18 2.364E-18 2.364E-18 2.364E-18
 RB 99      0.000E+00 2.598E-06 0.000E+00 0.000E+00 0.000E+00
 SR 99      0.000E+00 9.869E-04 0.000E+00 0.000E+00 0.000E+00
  Y 99      0.000E+00 1.289E-02 0.000E+00 0.000E+00 0.000E+00
 ZR 99      0.000E+00 3.652E-02 0.000E+00 0.000E+00 0.000E+00
 NB 99      0.000E+00 3.739E-02 0.000E+00 0.000E+00 0.000E+00
 NB 99M     0.000E+00 9.533E-04 0.000E+00 0.000E+00 0.000E+00
 MO 99      0.000E+00 3.801E-02 3.057E-03 2.458E-04 1.977E-05
 TC 99      0.000E+00 4.947E-09 6.280E-09 6.388E-09 6.397E-09
 TC 99M     0.000E+00 3.328E-02 2.945E-03 2.368E-04 1.904E-05
 RU 99      0.000E+00 0.000E+00 0.000E+00 0.000E+00 0.000E+00
 RB100      0.000E+00 1.088E-07 0.000E+00 0.000E+00 0.000E+00
 SR100      0.000E+00 1.524E-04 0.000E+00 0.000E+00 0.000E+00
  Y100      0.000E+00 5.636E-03 0.000E+00 0.000E+00 0.000E+00

 ZR100      0.000E+00 3.411E-02 0.000E+00 0.000E+00 0.000E+00
 NB100      0.000E+00 2.005E-02 0.000E+00 0.000E+00 0.000E+00
 NB100M     0.000E+00 2.005E-02 0.000E+00 0.000E+00 0.000E+00
 MO100      0.000E+00 0.000E+00 0.000E+00 0.000E+00 0.000E+00
 TC100      0.000E+00 1.023E-05 0.000E+00 0.000E+00 0.000E+00
 RU100      0.000E+00 0.000E+00 0.000E+00 0.000E+00 0.000E+00
 RB101      0.000E+00 0.000E+00 0.000E+00 0.000E+00 0.000E+00
 SR101      0.000E+00 1.894E-05 0.000E+00 0.000E+00 0.000E+00
  Y101      0.000E+00 1.740E-03 0.000E+00 0.000E+00 0.000E+00
 ZR101      0.000E+00 2.221E-02 0.000E+00 0.000E+00 0.000E+00
 NB101      0.000E+00 3.181E-02 0.000E+00 0.000E+00 0.000E+00
 MO101      0.000E+00 3.253E-02 0.000E+00 0.000E+00 0.000E+00
 TC101      0.000E+00 3.253E-02 0.000E+00 0.000E+00 0.000E+00
 RU101      0.000E+00 0.000E+00 0.000E+00 0.000E+00 0.000E+00
 SR102      0.000E+00 1.260E-06 0.000E+00 0.000E+00 0.000E+00
  Y102      0.000E+00 3.448E-04 0.000E+00 0.000E+00 0.000E+00
 ZR102      0.000E+00 1.141E-02 0.000E+00 0.000E+00 0.000E+00
 NB102      0.000E+00 2.447E-02 0.000E+00 0.000E+00 0.000E+00
 MO102      0.000E+00 2.711E-02 0.000E+00 0.000E+00 0.000E+00
 TC102      0.000E+00 2.712E-02 0.000E+00 0.000E+00 0.000E+00
 TC102M     0.000E+00 8.254E-06 0.000E+00 0.000E+00 0.000E+00
 RU102      0.000E+00 0.000E+00 0.000E+00 0.000E+00 0.000E+00
 RH102      0.000E+00 9.885E-14 9.821E-14 9.757E-14 9.693E-14
 PD102      0.000E+00 0.000E+00 0.000E+00 0.000E+00 0.000E+00
 SR103      0.000E+00 3.071E-08 0.000E+00 0.000E+00 0.000E+00
  Y103      0.000E+00 3.420E-05 0.000E+00 0.000E+00 0.000E+00
 ZR103      0.000E+00 3.400E-03 0.000E+00 0.000E+00 0.000E+00
 NB103      0.000E+00 1.415E-02 0.000E+00 0.000E+00 0.000E+00
 MO103      0.000E+00 2.005E-02 0.000E+00 0.000E+00 0.000E+00
 TC103      0.000E+00 2.017E-02 0.000E+00 0.000E+00 0.000E+00
 RU103      0.000E+00 5.596E-03 4.691E-03 3.932E-03 3.296E-03
 RH103      0.000E+00 0.000E+00 0.000E+00 0.000E+00 0.000E+00
 RH103M     0.000E+00 5.039E-03 4.229E-03 3.545E-03 2.971E-03
 SR104      0.000E+00 5.266E-10 0.000E+00 0.000E+00 0.000E+00
  Y104      0.000E+00 1.626E-06 0.000E+00 0.000E+00 0.000E+00
 ZR104      0.000E+00 5.141E-04 0.000E+00 0.000E+00 0.000E+00
 NB104      0.000E+00 5.197E-03 0.000E+00 0.000E+00 0.000E+00
 MO104      0.000E+00 1.172E-02 0.000E+00 0.000E+00 0.000E+00
 TC104      0.000E+00 1.209E-02 0.000E+00 0.000E+00 0.000E+00
 RU104      0.000E+00 0.000E+00 0.000E+00 0.000E+00 0.000E+00
 RH104      0.000E+00 4.268E-06 0.000E+00 0.000E+00 0.000E+00
 RH104M     0.000E+00 3.093E-07 0.000E+00 0.000E+00 0.000E+00
 PD104      0.000E+00 0.000E+00 0.000E+00 0.000E+00 0.000E+00
  Y105      0.000E+00 1.440E-07 0.000E+00 0.000E+00 0.000E+00
 ZR105      0.000E+00 6.604E-05 0.000E+00 0.000E+00 0.000E+00
 NB105      0.000E+00 1.365E-03 0.000E+00 0.000E+00 0.000E+00
 MO105      0.000E+00 5.978E-03 0.000E+00 0.000E+00 0.000E+00
 TC105      0.000E+00 6.598E-03 0.000E+00 0.000E+00 0.000E+00
 RU105      0.000E+00 6.613E-03 3.622E-19 1.880E-35 0.000E+00
 RH105      0.000E+00 6.604E-03 6.869E-05 6.220E-07 5.632E-09
 RH105M     0.000E+00 1.852E-03 1.017E-19 0.000E+00 0.000E+00
 PD105      0.000E+00 0.000E+00 0.000E+00 0.000E+00 0.000E+00

  Y106      0.000E+00 0.000E+00 0.000E+00 0.000E+00 0.000E+00
 ZR106      0.000E+00 1.587E-05 0.000E+00 0.000E+00 0.000E+00
 NB106      0.000E+00 4.637E-04 0.000E+00 0.000E+00 0.000E+00
 MO106      0.000E+00 2.345E-03 0.000E+00 0.000E+00 0.000E+00
 TC106      0.000E+00 2.663E-03 0.000E+00 0.000E+00 0.000E+00
 RU106      0.000E+00 9.102E-05 8.933E-05 8.766E-05 8.603E-05
 RH106      0.000E+00 1.194E-04 8.933E-05 8.766E-05 8.603E-05
 RH106M     0.000E+00 1.380E-05 0.000E+00 0.000E+00 0.000E+00
 PD106      0.000E+00 0.000E+00 0.000E+00 0.000E+00 0.000E+00
 AG106      0.000E+00 0.000E+00 0.000E+00 0.000E+00 0.000E+00
  Y107      0.000E+00 2.393E-10 0.000E+00 0.000E+00 0.000E+00
 ZR107      0.000E+00 7.616E-07 0.000E+00 0.000E+00 0.000E+00
 NB107      0.000E+00 7.370E-05 0.000E+00 0.000E+00 0.000E+00
 MO107      0.000E+00 8.671E-04 0.000E+00 0.000E+00 0.000E+00
 TC107      0.000E+00 1.211E-03 0.000E+00 0.000E+00 0.000E+00
 RU107      0.000E+00 1.235E-03 0.000E+00 0.000E+00 0.000E+00
 RH107      0.000E+00 1.235E-03 0.000E+00 0.000E+00 0.000E+00
 PD107      0.000E+00 6.635E-12 6.645E-12 6.645E-12 6.645E-12
 PD107M     0.000E+00 2.626E-11 0.000E+00 0.000E+00 0.000E+00
 AG107      0.000E+00 0.000E+00 0.000E+00 0.000E+00 0.000E+00
 ZR108      0.000E+00 1.689E-08 0.000E+00 0.000E+00 0.000E+00
 NB108      0.000E+00 5.449E-06 0.000E+00 0.000E+00 0.000E+00
 MO108      0.000E+00 2.147E-04 0.000E+00 0.000E+00 0.000E+00
 TC108      0.000E+00 5.115E-04 0.000E+00 0.000E+00 0.000E+00
 RU108      0.000E+00 5.851E-04 0.000E+00 0.000E+00 0.000E+00
 RH108      0.000E+00 5.854E-04 0.000E+00 0.000E+00 0.000E+00
 RH108M     0.000E+00 2.930E-07 0.000E+00 0.000E+00 0.000E+00
 PD108      0.000E+00 0.000E+00 0.000E+00 0.000E+00 0.000E+00
 AG108      0.000E+00 4.930E-12 8.777E-19 8.775E-19 8.774E-19
 AG108M     0.000E+00 9.863E-18 9.862E-18 9.860E-18 9.859E-18
 CD108      0.000E+00 0.000E+00 0.000E+00 0.000E+00 0.000E+00
 ZR109      0.000E+00 8.509E-11 0.000E+00 0.000E+00 0.000E+00
 NB109      0.000E+00 1.581E-07 0.000E+00 0.000E+00 0.000E+00
 MO109      0.000E+00 2.607E-05 0.000E+00 0.000E+00 0.000E+00
 TC109      0.000E+00 1.604E-04 0.000E+00 0.000E+00 0.000E+00
 RU109      0.000E+00 2.814E-04 0.000E+00 0.000E+00 0.000E+00
 RH109      0.000E+00 2.854E-04 0.000E+00 0.000E+00 0.000E+00
 RH109M     0.000E+00 1.427E-04 0.000E+00 0.000E+00 0.000E+00
 PD109      0.000E+00 2.856E-04 1.234E-09 5.301E-15 2.277E-20
 PD109M     0.000E+00 1.427E-04 0.000E+00 0.000E+00 0.000E+00
 AG109      0.000E+00 0.000E+00 0.000E+00 0.000E+00 0.000E+00
 AG109M     0.000E+00 2.854E-04 1.235E-09 5.303E-15 2.347E-19
 CD109      0.000E+00 2.119E-19 2.119E-19 2.119E-19 2.119E-19
 NB110      0.000E+00 6.782E-09 0.000E+00 0.000E+00 0.000E+00
 MO110      0.000E+00 3.718E-06 0.000E+00 0.000E+00 0.000E+00
 TC110      0.000E+00 5.989E-05 0.000E+00 0.000E+00 0.000E+00
 RU110      0.000E+00 1.955E-04 0.000E+00 0.000E+00 0.000E+00
 RH110      0.000E+00 2.019E-04 0.000E+00 0.000E+00 0.000E+00
 RH110M     0.000E+00 6.398E-06 0.000E+00 0.000E+00 0.000E+00
 PD110      0.000E+00 0.000E+00 0.000E+00 0.000E+00 0.000E+00
 AG110      0.000E+00 3.880E-07 6.759E-12 6.574E-12 6.394E-12
 AG110M     0.000E+00 5.225E-10 5.082E-10 4.943E-10 4.807E-10

 CD110      0.000E+00 0.000E+00 0.000E+00 0.000E+00 0.000E+00
 NB111      0.000E+00 9.021E-11 0.000E+00 0.000E+00 0.000E+00
 MO111      0.000E+00 2.189E-07 0.000E+00 0.000E+00 0.000E+00
 TC111      0.000E+00 1.615E-05 0.000E+00 0.000E+00 0.000E+00
 RU111      0.000E+00 1.313E-04 0.000E+00 0.000E+00 0.000E+00
 RH111      0.000E+00 1.669E-04 0.000E+00 0.000E+00 0.000E+00
 PD111      0.000E+00 1.680E-04 7.834E-20 5.727E-33 0.000E+00
 PD111M     0.000E+00 1.468E-06 1.075E-19 7.864E-33 0.000E+00
 AG111      0.000E+00 1.380E-04 5.458E-05 2.153E-05 8.491E-06
 AG111M     0.000E+00 1.672E-04 1.125E-19 8.030E-33 0.000E+00
 CD111      0.000E+00 0.000E+00 0.000E+00 0.000E+00 0.000E+00
 CD111M     0.000E+00 2.442E-13 0.000E+00 0.000E+00 0.000E+00
 NB112      0.000E+00 0.000E+00 0.000E+00 0.000E+00 0.000E+00
 MO112      0.000E+00 2.227E-08 0.000E+00 0.000E+00 0.000E+00
 TC112      0.000E+00 3.349E-06 0.000E+00 0.000E+00 0.000E+00
 RU112      0.000E+00 6.656E-05 0.000E+00 0.000E+00 0.000E+00
 RH112      0.000E+00 1.147E-04 0.000E+00 0.000E+00 0.000E+00
 PD112      0.000E+00 1.205E-04 3.066E-08 7.802E-12 1.985E-15
 AG112      0.000E+00 1.216E-04 3.632E-08 9.241E-12 2.352E-15
 CD112      0.000E+00 0.000E+00 0.000E+00 0.000E+00 0.000E+00
 MO113      0.000E+00 1.420E-09 0.000E+00 0.000E+00 0.000E+00
 TC113      0.000E+00 7.244E-07 0.000E+00 0.000E+00 0.000E+00
 RU113      0.000E+00 3.591E-05 0.000E+00 0.000E+00 0.000E+00
 RH113      0.000E+00 9.829E-05 0.000E+00 0.000E+00 0.000E+00
 PD113      0.000E+00 1.176E-04 0.000E+00 0.000E+00 0.000E+00
 AG113      0.000E+00 1.060E-04 2.487E-18 5.809E-32 0.000E+00
 AG113M     0.000E+00 1.186E-05 0.000E+00 0.000E+00 0.000E+00
 CD113      0.000E+00 0.000E+00 0.000E+00 0.000E+00 0.000E+00
 CD113M     0.000E+00 5.506E-09 5.556E-09 5.549E-09 5.542E-09
 IN113      0.000E+00 0.000E+00 0.000E+00 0.000E+00 0.000E+00
 IN113M     0.000E+00 2.259E-14 0.000E+00 0.000E+00 0.000E+00
 MO114      0.000E+00 7.870E-11 0.000E+00 0.000E+00 0.000E+00
 TC114      0.000E+00 9.797E-08 0.000E+00 0.000E+00 0.000E+00
 RU114      0.000E+00 1.315E-05 0.000E+00 0.000E+00 0.000E+00
 RH114      0.000E+00 6.843E-05 0.000E+00 0.000E+00 0.000E+00
 PD114      0.000E+00 1.093E-04 0.000E+00 0.000E+00 0.000E+00
 AG114      0.000E+00 1.104E-04 0.000E+00 0.000E+00 0.000E+00
 CD114      0.000E+00 0.000E+00 0.000E+00 0.000E+00 0.000E+00
 IN114      0.000E+00 8.871E-13 5.619E-14 4.885E-14 4.246E-14
 IN114M     0.000E+00 6.753E-14 5.871E-14 5.104E-14 4.437E-14
 SN114      0.000E+00 0.000E+00 0.000E+00 0.000E+00 0.000E+00
 MO115      0.000E+00 1.734E-12 0.000E+00 0.000E+00 0.000E+00
 TC115      0.000E+00 7.871E-09 0.000E+00 0.000E+00 0.000E+00
 RU115      0.000E+00 3.028E-06 0.000E+00 0.000E+00 0.000E+00
 RH115      0.000E+00 3.643E-05 0.000E+00 0.000E+00 0.000E+00
 PD115      0.000E+00 9.676E-05 0.000E+00 0.000E+00 0.000E+00
 AG115      0.000E+00 7.362E-05 0.000E+00 0.000E+00 0.000E+00
 AG115M     0.000E+00 2.839E-05 0.000E+00 0.000E+00 0.000E+00
 CD115      0.000E+00 9.300E-05 4.165E-06 1.855E-07 8.267E-09
 CD115M     0.000E+00 2.288E-06 1.959E-06 1.677E-06 1.436E-06
 IN115      0.000E+00 5.257E-21 6.471E-21 6.591E-21 6.652E-21
 IN115M     0.000E+00 9.300E-05 4.529E-06 2.019E-07 9.091E-09

 SN115      0.000E+00 0.000E+00 0.000E+00 0.000E+00 0.000E+00
 TC116      0.000E+00 4.440E-10 0.000E+00 0.000E+00 0.000E+00
 RU116      0.000E+00 5.289E-07 0.000E+00 0.000E+00 0.000E+00
 RH116      0.000E+00 1.704E-05 0.000E+00 0.000E+00 0.000E+00
 PD116      0.000E+00 9.317E-05 0.000E+00 0.000E+00 0.000E+00
 AG116      0.000E+00 5.369E-05 0.000E+00 0.000E+00 0.000E+00
 AG116M     0.000E+00 5.369E-05 0.000E+00 0.000E+00 0.000E+00
 CD116      0.000E+00 0.000E+00 0.000E+00 0.000E+00 0.000E+00
 IN116      0.000E+00 2.646E-07 0.000E+00 0.000E+00 0.000E+00
 IN116M     0.000E+00 2.087E-07 0.000E+00 0.000E+00 0.000E+00
 SN116      0.000E+00 0.000E+00 0.000E+00 0.000E+00 0.000E+00
 TC117      0.000E+00 6.974E-11 0.000E+00 0.000E+00 0.000E+00
 RU117      0.000E+00 3.040E-07 0.000E+00 0.000E+00 0.000E+00
 RH117      0.000E+00 3.876E-05 0.000E+00 0.000E+00 0.000E+00
 PD117      0.000E+00 1.009E-04 0.000E+00 0.000E+00 0.000E+00
 AG117      0.000E+00 5.260E-05 0.000E+00 0.000E+00 0.000E+00
 AG117M     0.000E+00 5.260E-05 0.000E+00 0.000E+00 0.000E+00
 CD117      0.000E+00 6.840E-05 0.000E+00 0.000E+00 0.000E+00
 CD117M     0.000E+00 3.684E-05 2.081E-26 0.000E+00 0.000E+00
 IN117      0.000E+00 6.294E-05 2.763E-26 0.000E+00 0.000E+00
 IN117M     0.000E+00 7.983E-05 2.132E-26 0.000E+00 0.000E+00
 SN117      0.000E+00 0.000E+00 0.000E+00 0.000E+00 0.000E+00
 SN117M     0.000E+00 4.455E-13 2.716E-13 1.656E-13 1.009E-13
 TC118      0.000E+00 0.000E+00 0.000E+00 0.000E+00 0.000E+00
 RU118      0.000E+00 5.394E-09 0.000E+00 0.000E+00 0.000E+00
 RH118      0.000E+00 1.355E-06 0.000E+00 0.000E+00 0.000E+00
 PD118      0.000E+00 4.218E-05 0.000E+00 0.000E+00 0.000E+00
 AG118      0.000E+00 8.116E-05 0.000E+00 0.000E+00 0.000E+00
 AG118M     0.000E+00 4.399E-05 0.000E+00 0.000E+00 0.000E+00
 CD118      0.000E+00 1.159E-04 0.000E+00 0.000E+00 0.000E+00
 IN118      0.000E+00 1.160E-04 0.000E+00 0.000E+00 0.000E+00
 IN118M     0.000E+00 2.655E-08 0.000E+00 0.000E+00 0.000E+00
 SN118      0.000E+00 0.000E+00 0.000E+00 0.000E+00 0.000E+00
 RU119      0.000E+00 0.000E+00 0.000E+00 0.000E+00 0.000E+00
 RH119      0.000E+00 2.668E-07 0.000E+00 0.000E+00 0.000E+00
 PD119      0.000E+00 2.196E-05 0.000E+00 0.000E+00 0.000E+00
 AG119      0.000E+00 8.120E-05 0.000E+00 0.000E+00 0.000E+00
 CD119      0.000E+00 5.487E-05 0.000E+00 0.000E+00 0.000E+00
 CD119M     0.000E+00 5.487E-05 0.000E+00 0.000E+00 0.000E+00
 IN119      0.000E+00 3.180E-05 0.000E+00 0.000E+00 0.000E+00
 IN119M     0.000E+00 8.254E-05 0.000E+00 0.000E+00 0.000E+00
 SN119      0.000E+00 0.000E+00 0.000E+00 0.000E+00 0.000E+00
 SN119M     0.000E+00 8.072E-08 7.850E-08 7.632E-08 7.419E-08
 RU120      0.000E+00 1.529E-11 0.000E+00 0.000E+00 0.000E+00
 RH120      0.000E+00 3.265E-08 0.000E+00 0.000E+00 0.000E+00
 PD120      0.000E+00 7.326E-06 0.000E+00 0.000E+00 0.000E+00
 AG120      0.000E+00 5.627E-05 0.000E+00 0.000E+00 0.000E+00
 CD120      0.000E+00 1.120E-04 0.000E+00 0.000E+00 0.000E+00
 IN120      0.000E+00 5.718E-05 0.000E+00 0.000E+00 0.000E+00
 IN120M     0.000E+00 5.718E-05 0.000E+00 0.000E+00 0.000E+00
 SN120      0.000E+00 0.000E+00 0.000E+00 0.000E+00 0.000E+00
 RH121      0.000E+00 3.116E-09 0.000E+00 0.000E+00 0.000E+00

 PD121      0.000E+00 1.871E-06 0.000E+00 0.000E+00 0.000E+00
 AG121      0.000E+00 3.258E-05 0.000E+00 0.000E+00 0.000E+00
 CD121      0.000E+00 1.100E-04 0.000E+00 0.000E+00 0.000E+00
 IN121      0.000E+00 9.422E-05 0.000E+00 0.000E+00 0.000E+00
 IN121M     0.000E+00 2.593E-05 0.000E+00 0.000E+00 0.000E+00
 SN121      0.000E+00 1.202E-04 2.429E-07 4.901E-10 9.866E-13
 SN121M     0.000E+00 3.928E-11 3.926E-11 3.925E-11 3.923E-11
 SB121      0.000E+00 0.000E+00 0.000E+00 0.000E+00 0.000E+00
 RH122      0.000E+00 3.084E-10 0.000E+00 0.000E+00 0.000E+00
 PD122      0.000E+00 4.405E-07 0.000E+00 0.000E+00 0.000E+00
 AG122      0.000E+00 1.682E-05 0.000E+00 0.000E+00 0.000E+00
 CD122      0.000E+00 1.058E-04 0.000E+00 0.000E+00 0.000E+00
 IN122      0.000E+00 1.157E-04 0.000E+00 0.000E+00 0.000E+00
 IN122M     0.000E+00 9.917E-06 0.000E+00 0.000E+00 0.000E+00
 SN122      0.000E+00 0.000E+00 0.000E+00 0.000E+00 0.000E+00
 SB122      0.000E+00 1.801E-08 1.382E-09 1.061E-10 8.146E-12
 SB122M     0.000E+00 4.939E-10 0.000E+00 0.000E+00 0.000E+00
 TE122      0.000E+00 0.000E+00 0.000E+00 0.000E+00 0.000E+00
 RH123      0.000E+00 2.956E-11 0.000E+00 0.000E+00 0.000E+00
 PD123      0.000E+00 9.856E-08 0.000E+00 0.000E+00 0.000E+00
 AG123      0.000E+00 8.288E-06 0.000E+00 0.000E+00 0.000E+00
 CD123      0.000E+00 9.722E-05 0.000E+00 0.000E+00 0.000E+00
 IN123      0.000E+00 9.540E-05 0.000E+00 0.000E+00 0.000E+00
 IN123M     0.000E+00 4.239E-05 0.000E+00 0.000E+00 0.000E+00
 SN123      0.000E+00 3.419E-06 3.240E-06 3.071E-06 2.910E-06
 SN123M     0.000E+00 1.137E-04 0.000E+00 0.000E+00 0.000E+00
 SB123      0.000E+00 0.000E+00 0.000E+00 0.000E+00 0.000E+00
 TE123      0.000E+00 4.040E-27 4.230E-27 4.410E-27 4.579E-27
 TE123M     0.000E+00 1.032E-13 9.742E-14 9.194E-14 8.676E-14
 PD124      0.000E+00 1.939E-08 0.000E+00 0.000E+00 0.000E+00
 AG124      0.000E+00 3.762E-06 0.000E+00 0.000E+00 0.000E+00
 CD124      0.000E+00 9.398E-05 0.000E+00 0.000E+00 0.000E+00
 IN124      0.000E+00 1.803E-04 0.000E+00 0.000E+00 0.000E+00
 SN124      0.000E+00 0.000E+00 0.000E+00 0.000E+00 0.000E+00
 SB124      0.000E+00 1.645E-08 1.466E-08 1.307E-08 1.165E-08
 SB124M     0.000E+00 4.291E-08 0.000E+00 0.000E+00 0.000E+00
 TE124      0.000E+00 0.000E+00 0.000E+00 0.000E+00 0.000E+00
 PD125      0.000E+00 0.000E+00 0.000E+00 0.000E+00 0.000E+00
 AG125      0.000E+00 8.893E-07 0.000E+00 0.000E+00 0.000E+00
 CD125      0.000E+00 5.067E-05 0.000E+00 0.000E+00 0.000E+00
 IN125      0.000E+00 8.640E-05 0.000E+00 0.000E+00 0.000E+00
 IN125M     0.000E+00 6.613E-05 0.000E+00 0.000E+00 0.000E+00
 SN125      0.000E+00 7.271E-05 3.542E-05 1.726E-05 8.409E-06
 SN125M     0.000E+00 1.543E-04 0.000E+00 0.000E+00 0.000E+00
 SB125      0.000E+00 2.497E-06 2.835E-06 2.988E-06 3.052E-06
 TE125      0.000E+00 0.000E+00 0.000E+00 0.000E+00 0.000E+00
 TE125M     0.000E+00 5.572E-08 1.192E-07 1.815E-07 2.394E-07
 PD126      0.000E+00 2.418E-10 0.000E+00 0.000E+00 0.000E+00
 AG126      0.000E+00 3.406E-07 0.000E+00 0.000E+00 0.000E+00
 CD126      0.000E+00 5.255E-05 0.000E+00 0.000E+00 0.000E+00
 IN126      0.000E+00 3.078E-04 0.000E+00 0.000E+00 0.000E+00
 SN126      0.000E+00 1.616E-10 1.616E-10 1.616E-10 1.616E-10

 SB126      0.000E+00 4.208E-06 2.406E-06 1.375E-06 7.862E-07
 SB126M     0.000E+00 3.213E-06 1.616E-10 1.616E-10 1.616E-10
 TE126      0.000E+00 0.000E+00 0.000E+00 0.000E+00 0.000E+00
 AG127      0.000E+00 0.000E+00 0.000E+00 0.000E+00 0.000E+00
 XE126      0.000E+00 0.000E+00 0.000E+00 0.000E+00 0.000E+00
 CD127      0.000E+00 2.623E-05 0.000E+00 0.000E+00 0.000E+00
 IN127      0.000E+00 1.724E-04 0.000E+00 0.000E+00 0.000E+00
 IN127M     0.000E+00 1.731E-04 0.000E+00 0.000E+00 0.000E+00
 SN127      0.000E+00 6.512E-04 0.000E+00 0.000E+00 0.000E+00
 SN127M     0.000E+00 3.225E-04 0.000E+00 0.000E+00 0.000E+00
 SB127      0.000E+00 9.803E-04 1.645E-04 2.717E-05 4.489E-06
 TE127      0.000E+00 8.554E-04 1.718E-04 3.998E-05 1.750E-05
 TE127M     0.000E+00 1.127E-05 1.449E-05 1.425E-05 1.347E-05
  I127      0.000E+00 0.000E+00 0.000E+00 0.000E+00 0.000E+00
 XE127      0.000E+00 2.848E-16 2.358E-16 1.951E-16 1.615E-16
 AG128      0.000E+00 8.829E-09 0.000E+00 0.000E+00 0.000E+00
 CD128      0.000E+00 1.165E-05 0.000E+00 0.000E+00 0.000E+00
 IN128      0.000E+00 4.083E-04 0.000E+00 0.000E+00 0.000E+00
 SN128      0.000E+00 2.370E-03 0.000E+00 0.000E+00 0.000E+00
 SB128      0.000E+00 1.024E-04 9.832E-13 9.442E-21 9.067E-29
 SB128M     0.000E+00 2.448E-03 0.000E+00 0.000E+00 0.000E+00
 TE128      0.000E+00 0.000E+00 0.000E+00 0.000E+00 0.000E+00
  I128      0.000E+00 1.860E-07 0.000E+00 0.000E+00 0.000E+00
 XE128      0.000E+00 0.000E+00 0.000E+00 0.000E+00 0.000E+00
 CD129      0.000E+00 1.958E-06 0.000E+00 0.000E+00 0.000E+00
 IN129      0.000E+00 2.540E-04 0.000E+00 0.000E+00 0.000E+00
 SN129      0.000E+00 1.434E-03 0.000E+00 0.000E+00 0.000E+00
 SN129M     0.000E+00 2.243E-03 0.000E+00 0.000E+00 0.000E+00
 SB129      0.000E+00 4.406E-03 8.401E-20 2.034E-36 0.000E+00
 TE129      0.000E+00 4.057E-03 1.096E-04 8.913E-05 7.252E-05
 TE129M     0.000E+00 2.037E-04 1.683E-04 1.369E-04 1.114E-04
  I129      0.000E+00 8.825E-12 9.207E-12 9.391E-12 9.540E-12
 XE129      0.000E+00 0.000E+00 0.000E+00 0.000E+00 0.000E+00
 XE129M     0.000E+00 2.979E-11 1.252E-11 5.266E-12 2.214E-12
 CD130      0.000E+00 5.182E-06 0.000E+00 0.000E+00 0.000E+00
 IN130      0.000E+00 4.748E-04 0.000E+00 0.000E+00 0.000E+00
 SN130      0.000E+00 6.047E-03 0.000E+00 0.000E+00 0.000E+00
 SB130      0.000E+00 1.395E-03 0.000E+00 0.000E+00 0.000E+00
 SB130M     0.000E+00 7.980E-03 0.000E+00 0.000E+00 0.000E+00
 TE130      0.000E+00 0.000E+00 0.000E+00 0.000E+00 0.000E+00
  I130      0.000E+00 2.182E-06 3.131E-12 4.477E-18 6.401E-24
  I130M     0.000E+00 8.005E-07 0.000E+00 0.000E+00 0.000E+00
 XE130      0.000E+00 0.000E+00 0.000E+00 0.000E+00 0.000E+00
 CD131      0.000E+00 4.927E-07 0.000E+00 0.000E+00 0.000E+00
 IN131      0.000E+00 1.566E-04 0.000E+00 0.000E+00 0.000E+00
 SN131      0.000E+00 6.277E-03 0.000E+00 0.000E+00 0.000E+00
 SB131      0.000E+00 1.645E-02 0.000E+00 0.000E+00 0.000E+00
 TE131      0.000E+00 1.661E-02 2.066E-06 8.067E-09 3.151E-11
 TE131M     0.000E+00 2.334E-03 9.174E-06 3.583E-08 1.400E-10
  I131      0.000E+00 1.447E-02 6.320E-03 2.669E-03 1.127E-03
 XE131      0.000E+00 0.000E+00 0.000E+00 0.000E+00 0.000E+00
 XE131M     0.000E+00 7.491E-05 8.868E-05 6.944E-05 4.719E-05

 CD132      0.000E+00 3.928E-08 0.000E+00 0.000E+00 0.000E+00
 IN132      0.000E+00 4.239E-05 0.000E+00 0.000E+00 0.000E+00
 SN132      0.000E+00 3.792E-03 0.000E+00 0.000E+00 0.000E+00
 SB132      0.000E+00 1.070E-02 0.000E+00 0.000E+00 0.000E+00
 SB132M     0.000E+00 6.846E-03 0.000E+00 0.000E+00 0.000E+00
 TE132      0.000E+00 2.686E-02 3.202E-03 3.815E-04 4.545E-05
  I132      0.000E+00 2.699E-02 3.299E-03 3.930E-04 4.683E-05
 XE132      0.000E+00 0.000E+00 0.000E+00 0.000E+00 0.000E+00
 CS132      0.000E+00 2.677E-09 9.177E-10 3.146E-10 1.078E-10
 BA132      0.000E+00 0.000E+00 0.000E+00 0.000E+00 0.000E+00
 IN133      0.000E+00 2.527E-06 0.000E+00 0.000E+00 0.000E+00
 SN133      0.000E+00 1.084E-03 0.000E+00 0.000E+00 0.000E+00
 SB133      0.000E+00 1.439E-02 0.000E+00 0.000E+00 0.000E+00
 TE133      0.000E+00 2.496E-02 0.000E+00 0.000E+00 0.000E+00
 TE133M     0.000E+00 1.874E-02 0.000E+00 0.000E+00 0.000E+00
  I133      0.000E+00 4.315E-02 1.489E-05 5.006E-09 1.683E-12
  I133M     0.000E+00 8.254E-04 0.000E+00 0.000E+00 0.000E+00
 XE133      0.000E+00 3.657E-02 1.234E-02 3.307E-03 8.828E-04
 XE133M     0.000E+00 1.171E-03 8.440E-05 3.573E-06 1.508E-07
 CS133      0.000E+00 0.000E+00 0.000E+00 0.000E+00 0.000E+00
 BA133      0.000E+00 0.000E+00 0.000E+00 0.000E+00 0.000E+00
 IN134      0.000E+00 4.453E-08 0.000E+00 0.000E+00 0.000E+00
 SN134      0.000E+00 7.618E-05 0.000E+00 0.000E+00 0.000E+00
 SB134      0.000E+00 1.727E-03 0.000E+00 0.000E+00 0.000E+00
 SB134M     0.000E+00 1.651E-03 0.000E+00 0.000E+00 0.000E+00
 TE134      0.000E+00 4.302E-02 0.000E+00 0.000E+00 0.000E+00
  I134      0.000E+00 4.878E-02 0.000E+00 0.000E+00 0.000E+00
  I134M     0.000E+00 2.892E-03 0.000E+00 0.000E+00 0.000E+00
 XE134      0.000E+00 0.000E+00 0.000E+00 0.000E+00 0.000E+00
 XE134M     0.000E+00 1.523E-04 0.000E+00 0.000E+00 0.000E+00
 CS134      0.000E+00 7.467E-08 7.417E-08 7.349E-08 7.282E-08
 CS134M     0.000E+00 1.161E-06 0.000E+00 0.000E+00 0.000E+00
 BA134      0.000E+00 0.000E+00 0.000E+00 0.000E+00 0.000E+00
 SN135      0.000E+00 7.934E-06 0.000E+00 0.000E+00 0.000E+00
 SB135      0.000E+00 1.262E-03 0.000E+00 0.000E+00 0.000E+00
 TE135      0.000E+00 2.106E-02 0.000E+00 0.000E+00 0.000E+00
  I135      0.000E+00 4.019E-02 4.744E-13 5.597E-24 6.579E-35
 XE135      0.000E+00 3.311E-02 1.585E-09 1.784E-17 2.007E-25
 XE135M     0.000E+00 7.276E-03 7.598E-14 8.965E-25 1.724E-35
 CS135      0.000E+00 4.810E-10 5.092E-10 5.092E-10 5.092E-10
 CS135M     0.000E+00 4.000E-06 0.000E+00 0.000E+00 0.000E+00
 BA135      0.000E+00 0.000E+00 0.000E+00 0.000E+00 0.000E+00
 BA135M     0.000E+00 1.926E-09 5.841E-12 1.772E-14 5.666E-17
 SN136      0.000E+00 3.474E-07 0.000E+00 0.000E+00 0.000E+00
 SB136      0.000E+00 1.916E-04 0.000E+00 0.000E+00 0.000E+00
 TE136      0.000E+00 1.203E-02 0.000E+00 0.000E+00 0.000E+00
  I136      0.000E+00 1.960E-02 0.000E+00 0.000E+00 0.000E+00
  I136M     0.000E+00 1.248E-02 0.000E+00 0.000E+00 0.000E+00
 XE136      0.000E+00 0.000E+00 0.000E+00 0.000E+00 0.000E+00
 CS136      0.000E+00 2.992E-05 1.763E-05 1.039E-05 6.120E-06
 BA136      0.000E+00 0.000E+00 0.000E+00 0.000E+00 0.000E+00
 BA136M     0.000E+00 4.931E-06 2.905E-06 1.712E-06 1.009E-06

 SB137      0.000E+00 1.363E-05 0.000E+00 0.000E+00 0.000E+00
 TE137      0.000E+00 2.701E-03 0.000E+00 0.000E+00 0.000E+00
  I137      0.000E+00 2.086E-02 0.000E+00 0.000E+00 0.000E+00
 XE137      0.000E+00 3.836E-02 0.000E+00 0.000E+00 0.000E+00
 CS137      0.000E+00 4.558E-05 4.557E-05 4.554E-05 4.551E-05
 BA137      0.000E+00 0.000E+00 0.000E+00 0.000E+00 0.000E+00
 BA137M     0.000E+00 4.477E-05 4.311E-05 4.308E-05 4.305E-05
 SB138      0.000E+00 8.445E-07 0.000E+00 0.000E+00 0.000E+00
 TE138      0.000E+00 5.588E-04 0.000E+00 0.000E+00 0.000E+00
  I138      0.000E+00 1.060E-02 0.000E+00 0.000E+00 0.000E+00
 XE138      0.000E+00 3.998E-02 0.000E+00 0.000E+00 0.000E+00
 CS138      0.000E+00 4.310E-02 0.000E+00 0.000E+00 0.000E+00
 CS138M     0.000E+00 1.587E-03 0.000E+00 0.000E+00 0.000E+00
 BA138      0.000E+00 0.000E+00 0.000E+00 0.000E+00 0.000E+00
 LA138      0.000E+00 9.570E-20 9.570E-20 9.570E-20 9.570E-20
 SB139      0.000E+00 3.756E-08 0.000E+00 0.000E+00 0.000E+00
 TE139      0.000E+00 8.321E-05 0.000E+00 0.000E+00 0.000E+00
  I139      0.000E+00 4.709E-03 0.000E+00 0.000E+00 0.000E+00
 XE139      0.000E+00 3.251E-02 0.000E+00 0.000E+00 0.000E+00
 CS139      0.000E+00 4.089E-02 0.000E+00 0.000E+00 0.000E+00
 BA139      0.000E+00 4.132E-02 0.000E+00 0.000E+00 0.000E+00
 LA139      0.000E+00 0.000E+00 0.000E+00 0.000E+00 0.000E+00
 CE139      0.000E+00 0.000E+00 0.000E+00 0.000E+00 0.000E+00
 PR139      0.000E+00 0.000E+00 0.000E+00 0.000E+00 0.000E+00
 TE140      0.000E+00 7.742E-06 0.000E+00 0.000E+00 0.000E+00
  I140      0.000E+00 1.383E-03 0.000E+00 0.000E+00 0.000E+00
 XE140      0.000E+00 2.272E-02 0.000E+00 0.000E+00 0.000E+00
 CS140      0.000E+00 3.699E-02 0.000E+00 0.000E+00 0.000E+00
 BA140      0.000E+00 2.511E-02 1.460E-02 8.493E-03 4.940E-03
 LA140      0.000E+00 2.515E-02 1.675E-02 9.773E-03 5.685E-03
 CE140      0.000E+00 0.000E+00 0.000E+00 0.000E+00 0.000E+00
 PR140      0.000E+00 1.372E-10 0.000E+00 0.000E+00 0.000E+00
 TE141      0.000E+00 2.681E-07 0.000E+00 0.000E+00 0.000E+00
  I141      0.000E+00 1.973E-04 0.000E+00 0.000E+00 0.000E+00
 XE141      0.000E+00 7.531E-03 0.000E+00 0.000E+00 0.000E+00
 CS141      0.000E+00 2.827E-02 0.000E+00 0.000E+00 0.000E+00
 BA141      0.000E+00 3.763E-02 0.000E+00 0.000E+00 0.000E+00
 LA141      0.000E+00 3.775E-02 1.704E-20 0.000E+00 0.000E+00
 CE141      0.000E+00 1.209E-02 9.936E-03 8.028E-03 6.487E-03
 PR141      0.000E+00 0.000E+00 0.000E+00 0.000E+00 0.000E+00
 ND141      0.000E+00 0.000E+00 0.000E+00 0.000E+00 0.000E+00
 TE142      0.000E+00 5.138E-09 0.000E+00 0.000E+00 0.000E+00
  I142      0.000E+00 1.427E-05 0.000E+00 0.000E+00 0.000E+00
 XE142      0.000E+00 2.446E-03 0.000E+00 0.000E+00 0.000E+00
 CS142      0.000E+00 1.818E-02 0.000E+00 0.000E+00 0.000E+00
 BA142      0.000E+00 3.699E-02 0.000E+00 0.000E+00 0.000E+00
 LA142      0.000E+00 3.763E-02 0.000E+00 0.000E+00 0.000E+00
 CE142      0.000E+00 1.247E-14 1.254E-14 1.254E-14 1.254E-14
 PR142      0.000E+00 4.514E-07 7.572E-11 1.267E-14 2.119E-18
 PR142M     0.000E+00 9.648E-08 0.000E+00 0.000E+00 0.000E+00
 ND142      0.000E+00 0.000E+00 0.000E+00 0.000E+00 0.000E+00
  I143      0.000E+00 5.809E-07 0.000E+00 0.000E+00 0.000E+00

 XE143      0.000E+00 3.333E-04 0.000E+00 0.000E+00 0.000E+00
 CS143      0.000E+00 9.735E-03 0.000E+00 0.000E+00 0.000E+00
 BA143      0.000E+00 3.383E-02 0.000E+00 0.000E+00 0.000E+00
 LA143      0.000E+00 3.768E-02 0.000E+00 0.000E+00 0.000E+00
 CE143      0.000E+00 3.786E-02 2.466E-04 1.595E-06 1.031E-08
 PR143      0.000E+00 2.058E-02 1.490E-02 8.955E-03 5.372E-03
 ND143      0.000E+00 0.000E+00 0.000E+00 0.000E+00 0.000E+00
  I144      0.000E+00 2.188E-08 0.000E+00 0.000E+00 0.000E+00
 XE144      0.000E+00 4.206E-05 0.000E+00 0.000E+00 0.000E+00
 CS144      0.000E+00 2.032E-03 0.000E+00 0.000E+00 0.000E+00
 BA144      0.000E+00 2.717E-02 0.000E+00 0.000E+00 0.000E+00
 LA144      0.000E+00 3.428E-02 0.000E+00 0.000E+00 0.000E+00
 CE144      0.000E+00 1.522E-03 1.486E-03 1.450E-03 1.415E-03
 PR144      0.000E+00 1.533E-03 1.486E-03 1.450E-03 1.415E-03
 PR144M     0.000E+00 1.849E-05 1.783E-05 1.740E-05 1.698E-05
 ND144      0.000E+00 1.302E-20 2.662E-20 3.990E-20 5.285E-20
  I145      0.000E+00 0.000E+00 0.000E+00 0.000E+00 0.000E+00
 XE145      0.000E+00 9.469E-07 0.000E+00 0.000E+00 0.000E+00
 CS145      0.000E+00 4.603E-04 0.000E+00 0.000E+00 0.000E+00
 BA145      0.000E+00 1.273E-02 0.000E+00 0.000E+00 0.000E+00
 LA145      0.000E+00 2.354E-02 0.000E+00 0.000E+00 0.000E+00
 CE145      0.000E+00 2.501E-02 0.000E+00 0.000E+00 0.000E+00
 PR145      0.000E+00 2.502E-02 2.100E-14 1.745E-26 0.000E+00
 ND145      0.000E+00 0.000E+00 0.000E+00 0.000E+00 0.000E+00
 PM145      0.000E+00 0.000E+00 0.000E+00 0.000E+00 0.000E+00
 SM145      0.000E+00 0.000E+00 0.000E+00 0.000E+00 0.000E+00
 XE146      0.000E+00 8.829E-08 0.000E+00 0.000E+00 0.000E+00
 CS146      0.000E+00 5.191E-05 0.000E+00 0.000E+00 0.000E+00
 BA146      0.000E+00 4.324E-03 0.000E+00 0.000E+00 0.000E+00
 LA146      0.000E+00 1.469E-02 0.000E+00 0.000E+00 0.000E+00
 CE146      0.000E+00 1.899E-02 0.000E+00 0.000E+00 0.000E+00
 PR146      0.000E+00 1.905E-02 0.000E+00 0.000E+00 0.000E+00
 ND146      0.000E+00 0.000E+00 0.000E+00 0.000E+00 0.000E+00
 PM146      0.000E+00 1.523E-12 1.518E-12 1.513E-12 1.507E-12
 SM146      0.000E+00 1.041E-21 1.193E-21 1.345E-21 1.497E-21
 XE147      0.000E+00 1.491E-09 0.000E+00 0.000E+00 0.000E+00
 CS147      0.000E+00 3.776E-06 0.000E+00 0.000E+00 0.000E+00
 BA147      0.000E+00 8.355E-04 0.000E+00 0.000E+00 0.000E+00
 LA147      0.000E+00 6.831E-03 0.000E+00 0.000E+00 0.000E+00
 CE147      0.000E+00 1.425E-02 0.000E+00 0.000E+00 0.000E+00
 PR147      0.000E+00 1.460E-02 0.000E+00 0.000E+00 0.000E+00
 ND147      0.000E+00 9.988E-03 5.343E-03 2.855E-03 1.526E-03
 PM147      0.000E+00 7.853E-05 1.315E-04 1.592E-04 1.733E-04
 SM147      0.000E+00 9.313E-18 2.844E-17 5.448E-17 8.410E-17
 CS148      0.000E+00 1.158E-07 0.000E+00 0.000E+00 0.000E+00
 BA148      0.000E+00 9.737E-05 0.000E+00 0.000E+00 0.000E+00
 LA148      0.000E+00 2.286E-03 0.000E+00 0.000E+00 0.000E+00
 CE148      0.000E+00 9.771E-03 0.000E+00 0.000E+00 0.000E+00
 PR148      0.000E+00 1.080E-02 0.000E+00 0.000E+00 0.000E+00
 ND148      0.000E+00 0.000E+00 0.000E+00 0.000E+00 0.000E+00
 PM148      0.000E+00 6.795E-06 1.892E-06 5.394E-07 1.645E-07
 PM148M     0.000E+00 7.007E-07 5.924E-07 5.009E-07 4.235E-07

 SM148      0.000E+00 9.539E-24 2.008E-23 2.386E-23 2.564E-23
 CS149      0.000E+00 0.000E+00 0.000E+00 0.000E+00 0.000E+00
 BA149      0.000E+00 5.931E-06 0.000E+00 0.000E+00 0.000E+00
 LA149      0.000E+00 4.551E-04 0.000E+00 0.000E+00 0.000E+00
 CE149      0.000E+00 4.998E-03 0.000E+00 0.000E+00 0.000E+00
 PR149      0.000E+00 6.847E-03 0.000E+00 0.000E+00 0.000E+00
 ND149      0.000E+00 6.963E-03 0.000E+00 0.000E+00 0.000E+00
 PM149      0.000E+00 6.898E-03 3.108E-04 1.354E-05 5.895E-07
 SM149      0.000E+00 1.789E-20 2.202E-20 2.220E-20 2.221E-20
 EU149      0.000E+00 0.000E+00 0.000E+00 0.000E+00 0.000E+00
 CS150      0.000E+00 2.745E-11 0.000E+00 0.000E+00 0.000E+00
 BA150      0.000E+00 2.764E-07 0.000E+00 0.000E+00 0.000E+00
 LA150      0.000E+00 6.490E-05 0.000E+00 0.000E+00 0.000E+00
 CE150      0.000E+00 1.901E-03 0.000E+00 0.000E+00 0.000E+00
 PR150      0.000E+00 3.821E-03 0.000E+00 0.000E+00 0.000E+00
 ND150      0.000E+00 0.000E+00 0.000E+00 0.000E+00 0.000E+00
 PM150      0.000E+00 9.016E-06 0.000E+00 0.000E+00 0.000E+00
 SM150      0.000E+00 0.000E+00 0.000E+00 0.000E+00 0.000E+00
 EU150      0.000E+00 1.295E-17 1.294E-17 1.294E-17 1.293E-17
 BA151      0.000E+00 0.000E+00 0.000E+00 0.000E+00 0.000E+00
 LA151      0.000E+00 5.726E-06 0.000E+00 0.000E+00 0.000E+00
 CE151      0.000E+00 4.907E-04 0.000E+00 0.000E+00 0.000E+00
 PR151      0.000E+00 1.924E-03 0.000E+00 0.000E+00 0.000E+00
 ND151      0.000E+00 2.685E-03 0.000E+00 0.000E+00 0.000E+00
 PM151      0.000E+00 2.696E-03 7.733E-06 2.206E-08 6.297E-11
 SM151      0.000E+00 9.366E-07 1.034E-06 1.034E-06 1.034E-06
 EU151      0.000E+00 0.000E+00 0.000E+00 0.000E+00 0.000E+00
 BA152      0.000E+00 1.209E-10 0.000E+00 0.000E+00 0.000E+00
 LA152      0.000E+00 3.187E-07 0.000E+00 0.000E+00 0.000E+00
 CE152      0.000E+00 8.733E-05 0.000E+00 0.000E+00 0.000E+00
 PR152      0.000E+00 7.783E-04 0.000E+00 0.000E+00 0.000E+00
 ND152      0.000E+00 1.706E-03 0.000E+00 0.000E+00 0.000E+00
 PM152      0.000E+00 1.730E-03 0.000E+00 0.000E+00 0.000E+00
 PM152M     0.000E+00 2.348E-05 0.000E+00 0.000E+00 0.000E+00
 SM152      0.000E+00 0.000E+00 0.000E+00 0.000E+00 0.000E+00
 EU152      0.000E+00 2.186E-11 2.183E-11 2.180E-11 2.177E-11
 EU152M     0.000E+00 8.455E-09 1.496E-16 2.645E-24 4.679E-32
 GD152      0.000E+00 7.715E-25 8.325E-25 8.336E-25 8.346E-25
 LA153      0.000E+00 9.341E-09 0.000E+00 0.000E+00 0.000E+00
 CE153      0.000E+00 8.391E-06 0.000E+00 0.000E+00 0.000E+00
 PR153      0.000E+00 2.087E-04 0.000E+00 0.000E+00 0.000E+00
 ND153      0.000E+00 9.572E-04 0.000E+00 0.000E+00 0.000E+00
 PM153      0.000E+00 1.063E-03 0.000E+00 0.000E+00 0.000E+00
 SM153      0.000E+00 1.067E-03 3.033E-05 8.604E-07 2.440E-08
 EU153      0.000E+00 0.000E+00 0.000E+00 0.000E+00 0.000E+00
 GD153      0.000E+00 2.208E-13 2.146E-13 2.085E-13 2.026E-13
 LA154      0.000E+00 1.875E-10 0.000E+00 0.000E+00 0.000E+00
 CE154      0.000E+00 5.178E-07 0.000E+00 0.000E+00 0.000E+00
 PR154      0.000E+00 3.590E-05 0.000E+00 0.000E+00 0.000E+00
 ND154      0.000E+00 3.622E-04 0.000E+00 0.000E+00 0.000E+00
 PM154      0.000E+00 4.284E-04 0.000E+00 0.000E+00 0.000E+00
 PM154M     0.000E+00 6.014E-05 0.000E+00 0.000E+00 0.000E+00

 SM154      0.000E+00 0.000E+00 0.000E+00 0.000E+00 0.000E+00
 EU154      0.000E+00 4.247E-09 4.238E-09 4.228E-09 4.219E-09
 GD154      0.000E+00 0.000E+00 0.000E+00 0.000E+00 0.000E+00
 LA155      0.000E+00 0.000E+00 0.000E+00 0.000E+00 0.000E+00
 CE155      0.000E+00 2.118E-08 0.000E+00 0.000E+00 0.000E+00
 PR155      0.000E+00 4.397E-06 0.000E+00 0.000E+00 0.000E+00
 ND155      0.000E+00 1.144E-04 0.000E+00 0.000E+00 0.000E+00
 PM155      0.000E+00 2.149E-04 0.000E+00 0.000E+00 0.000E+00
 SM155      0.000E+00 2.315E-04 0.000E+00 0.000E+00 0.000E+00
 EU155      0.000E+00 1.613E-06 1.609E-06 1.603E-06 1.597E-06
 GD155M     0.000E+00 3.285E-16 0.000E+00 0.000E+00 0.000E+00
 GD155      0.000E+00 0.000E+00 0.000E+00 0.000E+00 0.000E+00
 CE156      0.000E+00 5.246E-10 0.000E+00 0.000E+00 0.000E+00
 PR156      0.000E+00 3.255E-07 0.000E+00 0.000E+00 0.000E+00
 ND156      0.000E+00 2.272E-05 0.000E+00 0.000E+00 0.000E+00
 PM156      0.000E+00 7.416E-05 0.000E+00 0.000E+00 0.000E+00
 SM156      0.000E+00 9.553E-05 1.971E-12 4.062E-20 8.372E-28
 EU156      0.000E+00 5.375E-05 3.566E-05 2.259E-05 1.431E-05
 GD156      0.000E+00 0.000E+00 0.000E+00 0.000E+00 0.000E+00
 CE157      0.000E+00 1.088E-11 0.000E+00 0.000E+00 0.000E+00
 PR157      0.000E+00 1.984E-08 0.000E+00 0.000E+00 0.000E+00
 ND157      0.000E+00 3.820E-06 0.000E+00 0.000E+00 0.000E+00
 PM157      0.000E+00 2.602E-05 0.000E+00 0.000E+00 0.000E+00
 SM157      0.000E+00 4.861E-05 0.000E+00 0.000E+00 0.000E+00
 EU157      0.000E+00 4.961E-05 8.842E-10 1.561E-14 2.756E-19
 GD157      0.000E+00 0.000E+00 0.000E+00 0.000E+00 0.000E+00
 PR158      0.000E+00 7.614E-10 0.000E+00 0.000E+00 0.000E+00
 ND158      0.000E+00 4.269E-07 0.000E+00 0.000E+00 0.000E+00
 PM158      0.000E+00 7.081E-06 0.000E+00 0.000E+00 0.000E+00
 SM158      0.000E+00 2.359E-05 0.000E+00 0.000E+00 0.000E+00
 EU158      0.000E+00 2.524E-05 0.000E+00 0.000E+00 0.000E+00
 GD158      0.000E+00 0.000E+00 0.000E+00 0.000E+00 0.000E+00
 PR159      0.000E+00 1.094E-11 0.000E+00 0.000E+00 0.000E+00
 ND159      0.000E+00 1.972E-08 0.000E+00 0.000E+00 0.000E+00
 PM159      0.000E+00 9.346E-07 0.000E+00 0.000E+00 0.000E+00
 SM159      0.000E+00 6.718E-06 0.000E+00 0.000E+00 0.000E+00
 EU159      0.000E+00 8.395E-06 0.000E+00 0.000E+00 0.000E+00
 GD159      0.000E+00 8.476E-06 1.127E-09 1.471E-13 1.920E-17
 TB159      0.000E+00 0.000E+00 0.000E+00 0.000E+00 0.000E+00
 ND160      0.000E+00 6.187E-09 0.000E+00 0.000E+00 0.000E+00
 PM160      0.000E+00 3.223E-07 0.000E+00 0.000E+00 0.000E+00
 SM160      0.000E+00 2.594E-06 0.000E+00 0.000E+00 0.000E+00
 EU160      0.000E+00 3.310E-06 0.000E+00 0.000E+00 0.000E+00
 GD160      0.000E+00 0.000E+00 0.000E+00 0.000E+00 0.000E+00
 TB160      0.000E+00 4.573E-10 4.155E-10 3.775E-10 3.430E-10
 DY160      0.000E+00 0.000E+00 0.000E+00 0.000E+00 0.000E+00
 ND161      0.000E+00 1.190E-11 0.000E+00 0.000E+00 0.000E+00
 PM161      0.000E+00 5.143E-09 0.000E+00 0.000E+00 0.000E+00
 SM161      0.000E+00 2.630E-07 0.000E+00 0.000E+00 0.000E+00
 EU161      0.000E+00 7.428E-07 0.000E+00 0.000E+00 0.000E+00
 GD161      0.000E+00 9.207E-07 0.000E+00 0.000E+00 0.000E+00
 TB161      0.000E+00 7.778E-07 2.858E-07 1.050E-07 3.856E-08

 DY161      0.000E+00 0.000E+00 0.000E+00 0.000E+00 0.000E+00
 PM162      0.000E+00 2.988E-10 0.000E+00 0.000E+00 0.000E+00
 SM162      0.000E+00 4.457E-08 0.000E+00 0.000E+00 0.000E+00
 EU162      0.000E+00 2.557E-07 0.000E+00 0.000E+00 0.000E+00
 GD162      0.000E+00 4.355E-07 0.000E+00 0.000E+00 0.000E+00
 TB162      0.000E+00 4.299E-07 0.000E+00 0.000E+00 0.000E+00
 TB162M     0.000E+00 1.176E-08 0.000E+00 0.000E+00 0.000E+00
 DY162      0.000E+00 0.000E+00 0.000E+00 0.000E+00 0.000E+00
 SM163      0.000E+00 2.738E-09 0.000E+00 0.000E+00 0.000E+00
 EU163      0.000E+00 4.042E-08 0.000E+00 0.000E+00 0.000E+00
 GD163      0.000E+00 1.287E-07 0.000E+00 0.000E+00 0.000E+00
 TB163      0.000E+00 1.377E-07 0.000E+00 0.000E+00 0.000E+00
 TB163M     0.000E+00 0.000E+00 0.000E+00 0.000E+00 0.000E+00
 DY163      0.000E+00 0.000E+00 0.000E+00 0.000E+00 0.000E+00
 SM164      0.000E+00 1.401E-10 0.000E+00 0.000E+00 0.000E+00
 EU164      0.000E+00 6.007E-09 0.000E+00 0.000E+00 0.000E+00
 GD164      0.000E+00 4.420E-08 0.000E+00 0.000E+00 0.000E+00
 TB164      0.000E+00 5.534E-08 0.000E+00 0.000E+00 0.000E+00
 DY164      0.000E+00 0.000E+00 0.000E+00 0.000E+00 0.000E+00
 SM165      0.000E+00 5.989E-12 0.000E+00 0.000E+00 0.000E+00
 EU165      0.000E+00 7.738E-10 0.000E+00 0.000E+00 0.000E+00
 GD165      0.000E+00 1.453E-08 0.000E+00 0.000E+00 0.000E+00
 TB165      0.000E+00 2.509E-08 0.000E+00 0.000E+00 0.000E+00
 DY165      0.000E+00 2.697E-08 0.000E+00 0.000E+00 0.000E+00
 DY165M     0.000E+00 1.361E-08 0.000E+00 0.000E+00 0.000E+00
 HO165      0.000E+00 0.000E+00 0.000E+00 0.000E+00 0.000E+00
 DY166      0.000E+00 1.320E-08 1.714E-09 2.226E-10 2.891E-11
 HO166      0.000E+00 1.324E-08 2.541E-09 3.316E-10 4.307E-11
 HO166M     0.000E+00 5.703E-16 5.703E-16 5.703E-16 5.703E-16
 ER166      0.000E+00 0.000E+00 0.000E+00 0.000E+00 0.000E+00
 ER167      0.000E+00 0.000E+00 0.000E+00 0.000E+00 0.000E+00
 ER167M     0.000E+00 1.243E-12 0.000E+00 0.000E+00 0.000E+00
 ER168      0.000E+00 0.000E+00 0.000E+00 0.000E+00 0.000E+00
 YB168      0.000E+00 0.000E+00 0.000E+00 0.000E+00 0.000E+00
 ER169      0.000E+00 3.959E-16 1.900E-16 9.120E-17 4.265E-17
 TM169      0.000E+00 0.000E+00 0.000E+00 0.000E+00 0.000E+00
 YB169      0.000E+00 0.000E+00 0.000E+00 0.000E+00 0.000E+00
 ER170      0.000E+00 0.000E+00 0.000E+00 0.000E+00 0.000E+00
 TM170      0.000E+00 0.000E+00 4.892E-33 4.892E-33 4.892E-33
 TM170M     0.000E+00 1.326E-20 0.000E+00 0.000E+00 0.000E+00
 YB170      0.000E+00 0.000E+00 0.000E+00 0.000E+00 0.000E+00
 ER171      0.000E+00 0.000E+00 0.000E+00 0.000E+00 0.000E+00
 TM171      0.000E+00 0.000E+00 0.000E+00 0.000E+00 0.000E+00
 YB171      0.000E+00 0.000E+00 0.000E+00 0.000E+00 0.000E+00
 ER172      0.000E+00 0.000E+00 0.000E+00 0.000E+00 0.000E+00
 TM172      0.000E+00 0.000E+00 0.000E+00 0.000E+00 0.000E+00
 YB172      0.000E+00 0.000E+00 0.000E+00 0.000E+00 0.000E+00
 TOTAL      0.000E+00 3.425E+00 1.283E-01 7.677E-02 5.468E-02
