 92239      4.35E+04      4.07E+00
 92239      7.47E+04      4.92E+01
 93239      2.28E+05      1.11E+01
 93239      2.78E+05      1.44E+01
 93239      1.06E+05      2.63E+01
 93240      8.21E+05      1.16E+00
 93240      4.67E+05      1.17E+00
 93240      9.16E+05      1.33E+00
 93240      6.06E+05      1.77E+00
 93240      5.07E+05      1.82E+00
 93240      9.59E+05      1.84E+00
 93240      8.89E+05      2.50E+00
 93240      1.47E+05      2.56E+00
 93240      1.17E+06      4.90E+00
 93240      1.75E+05      5.10E+00
 93240      9.89E+04      5.24E+00
 93240      1.93E+05      6.10E+00
 93240      2.71E+05      6.20E+00
 93240      1.53E+05      7.30E+00
 93240      9.88E+05      7.30E+00
 93240      8.67E+05      8.80E+00
 93240      4.48E+05          13.4
 93240      8.96E+05          14.8
 93240      6.01E+05            20
 93240      9.74E+05          25.9
 93240      5.66E+05          27.6
 57140      9.20E+05       2.66166
 57140      4.32E+05       2.90016
 57140      2.52E+06       3.46302
 57140      7.52E+05       4.33116
 57140      8.68E+05       5.50458
 57140      9.25E+05       6.89742
 57140      3.29E+05       20.3202
 57140      8.16E+05       23.2776
 57140      4.87E+05       45.5058
 57140      1.60E+06          95.4
 46109      4.15E+05      0.010736
 46109      7.81E+05      0.011224
 46109      6.47E+05        0.0244
 46109      3.11E+05      0.031964
 47109      8.80E+04           3.7
 94243      3.40E+04           3.5
 94243      2.52E+04           8.3
 94243      8.40E+04      23.06425
 47110      6.58E+05       4.49647
 95244      9.78E+05      0.162104
 95244      1.04E+06      0.188932
 95244      1.06E+06      0.271777
 95244      9.42E+05      0.351434
 95244      1.08E+06      0.353918
 53134      9.48E+05       4.00983
 53134      4.33E+05       4.15338
 53134      7.67E+05       4.15338
 53134      1.35E+05        4.3065
 53134      1.61E+06        4.3065
 53134      9.75E+05         4.785
 53134      1.81E+06        5.5506
 53134      8.57E+05         6.699
 53134      4.05E+05        7.3689
 53134      5.41E+05         7.656
 53134      6.77E+05        7.9431
 53134      1.14E+06        9.0915
 53134      6.22E+05       10.6227
 53134      5.95E+05       11.1012
 53134      1.07E+06       14.9292
 53134      8.84E+05        65.076
 53134      8.47E+05          95.7
 43100      5.91E+05      5.372303
 43100      5.40E+05      6.599881
 42099      7.78E+05       4.30326
 42099      1.41E+05        4.5362
 42099      1.81E+05       6.14226
 42099      7.40E+05         12.26
 44105      2.63E+05        6.5747
 44105      3.16E+05       11.1155
 44105      6.76E+05       15.6563
 44105      4.69E+05       17.5483
 44105      7.24E+05          47.3
 43101        531420       1.00231
 43101        184120        1.5966
 43101        127220       2.62552
 43101        545050       5.96064
 43101        306830          88.7
 42101      5.06E+05      11.61798
 42101      1.01E+06      13.02015
 42101      1.92E+05         18.21
 42101      5.90E+05      19.21155
 53133      5.30E+05            87
 53135      1.13E+06       22.5869
 53135      1.26E+06          28.7
 43103      5.63E+05             7
 43103      2.10E+05         9.975
 43103      1.36E+05        16.625
 43103      3.46E+05          17.5
 94239      3.87E+04       0.01044
 94239      5.16E+04       0.02722
 94239      1.30E+04      0.036948
 92235      2.05E+05          5.01
 92235      1.63E+05          5.08
 92235      1.44E+05         10.96
 92235      1.86E+05          57.2
 92238      4.96E+04         0.064
 92238      1.14E+05        0.0102
 55137      2.84E+05      5.80E-04
 44113       1226600         3.293
 44113       1927600         4.005
 44113        560100         4.539
 44113        715100         5.162
 44113        351200         7.209
 44113         88100          8.01
 44113        337600        13.083
 44113        263200        69.954
 30077      1.86E+06         1.405
 35089      1.86E+06        1.1392
 35088      1.86E+06         0.804
 55140      1.86E+06       0.50102
 63156      1.86E+06       0.23959
 47110      6.58E+05      94.32192
 41097      6.58E+05         98.23
 53132      6.68E+05          98.7
 58143      6.65E+05        5.6924
 52131      6.65E+05      4.182797
 56137      6.62E+05          89.9
